0.000000000000000000e+00 1.288164066359111237e-02 2.711835933640888846e-02
2.000000000000000042e-02 2.752769563857553059e-02 1.247230436142447024e-02
4.000000000000000083e-02 2.522382181029639986e-02 1.477617818970360097e-02
5.999999999999999778e-02 2.604663389130554285e-02 1.395336610869445798e-02
8.000000000000000167e-02 2.604663389130554285e-02 1.395336610869445798e-02
1.000000000000000056e-01 2.571750905883276803e-02 1.428249094116723281e-02
1.199999999999999956e-01 2.604663389130554285e-02 1.395336610869445798e-02
1.400000000000000133e-01 2.588207147505762820e-02 1.411792852494237263e-02
1.600000000000000033e-01 2.588207147505762820e-02 1.411792852494237263e-02
1.799999999999999933e-01 2.571750905883276803e-02 1.428249094116723281e-02
2.000000000000000111e-01 2.604663389130554285e-02 1.395336610869445798e-02
2.200000000000000011e-01 2.588207147505762820e-02 1.411792852494237263e-02
2.399999999999999911e-01 2.571750905883276803e-02 1.428249094116723281e-02
2.600000000000000089e-01 2.555294664263094845e-02 1.444705335736905238e-02
2.800000000000000266e-01 2.604663389130554285e-02 1.395336610869445798e-02
2.999999999999999889e-01 2.604663389130554285e-02 1.395336610869445798e-02
3.200000000000000067e-01 2.555294664263094845e-02 1.444705335736905238e-02
3.400000000000000244e-01 2.604663389130554285e-02 1.395336610869445798e-02
3.599999999999999867e-01 2.571750905883276803e-02 1.428249094116723281e-02
3.800000000000000044e-01 2.538838422645216253e-02 1.461161577354783830e-02
4.000000000000000222e-01 2.538838422645216253e-02 1.461161577354783830e-02
4.199999999999999845e-01 2.555294664263094845e-02 1.444705335736905238e-02
4.400000000000000022e-01 2.555294664263094845e-02 1.444705335736905238e-02
4.600000000000000200e-01 2.555294664263094845e-02 1.444705335736905238e-02
4.799999999999999822e-01 2.538838422645216253e-02 1.461161577354783830e-02
5.000000000000000000e-01 2.538838422645216253e-02 1.461161577354783830e-02
5.200000000000000178e-01 2.555294664263094845e-02 1.444705335736905238e-02
5.400000000000000355e-01 2.604663389130554285e-02 1.395336610869445798e-02
5.600000000000000533e-01 2.588207147505762820e-02 1.411792852494237263e-02
5.799999999999999600e-01 2.571750905883276803e-02 1.428249094116723281e-02
5.999999999999999778e-01 2.571750905883276803e-02 1.428249094116723281e-02
6.199999999999999956e-01 2.538838422645216253e-02 1.461161577354783830e-02
6.400000000000000133e-01 2.522382181029639986e-02 1.477617818970360097e-02
6.600000000000000311e-01 2.588207147505762820e-02 1.411792852494237263e-02
6.800000000000000488e-01 2.538838422645216253e-02 1.461161577354783830e-02
6.999999999999999556e-01 2.538838422645216253e-02 1.461161577354783830e-02
7.199999999999999734e-01 2.522382181029639986e-02 1.477617818970360097e-02
7.399999999999999911e-01 2.571750905883276803e-02 1.428249094116723281e-02
7.600000000000000089e-01 2.588207147505762820e-02 1.411792852494237263e-02
7.800000000000000266e-01 2.571750905883276803e-02 1.428249094116723281e-02
8.000000000000000444e-01 2.555294664263094845e-02 1.444705335736905238e-02
8.199999999999999512e-01 2.571750905883276803e-02 1.428249094116723281e-02
8.399999999999999689e-01 2.571750905883276803e-02 1.428249094116723281e-02
8.599999999999999867e-01 2.538838422645216253e-02 1.461161577354783830e-02
8.800000000000000044e-01 2.538838422645216253e-02 1.461161577354783830e-02
9.000000000000000222e-01 2.571750905883276803e-02 1.428249094116723281e-02
9.200000000000000400e-01 2.588207147505762820e-02 1.411792852494237263e-02
9.399999999999999467e-01 2.522382181029639986e-02 1.477617818970360097e-02
9.599999999999999645e-01 2.538838422645216253e-02 1.461161577354783830e-02
9.799999999999999822e-01 2.571750905883276803e-02 1.428249094116723281e-02
1.000000000000000000e+00 2.588207147505762820e-02 1.411792852494237263e-02
1.020000000000000018e+00 2.588207147505762820e-02 1.411792852494237263e-02
1.040000000000000036e+00 2.604663389130554285e-02 1.395336610869445798e-02
1.060000000000000053e+00 2.571750905883276803e-02 1.428249094116723281e-02
1.080000000000000071e+00 2.571750905883276803e-02 1.428249094116723281e-02
1.100000000000000089e+00 2.522382181029639986e-02 1.477617818970360097e-02
1.120000000000000107e+00 2.555294664263094845e-02 1.444705335736905238e-02
1.139999999999999902e+00 2.555294664263094845e-02 1.444705335736905238e-02
1.159999999999999920e+00 2.555294664263094845e-02 1.444705335736905238e-02
1.179999999999999938e+00 2.555294664263094845e-02 1.444705335736905238e-02
1.199999999999999956e+00 2.571750905883276803e-02 1.428249094116723281e-02
1.219999999999999973e+00 2.555294664263094845e-02 1.444705335736905238e-02
1.239999999999999991e+00 2.538838422645216253e-02 1.461161577354783830e-02
1.260000000000000009e+00 2.522382181029639986e-02 1.477617818970360097e-02
1.280000000000000027e+00 2.538838422645216253e-02 1.461161577354783830e-02
1.300000000000000044e+00 2.555294664263094845e-02 1.444705335736905238e-02
1.320000000000000062e+00 2.571750905883276803e-02 1.428249094116723281e-02
1.340000000000000080e+00 2.555294664263094845e-02 1.444705335736905238e-02
1.360000000000000098e+00 2.538838422645216253e-02 1.461161577354783830e-02
1.379999999999999893e+00 2.571750905883276803e-02 1.428249094116723281e-02
1.399999999999999911e+00 2.555294664263094845e-02 1.444705335736905238e-02
1.419999999999999929e+00 2.571750905883276803e-02 1.428249094116723281e-02
1.439999999999999947e+00 2.505925939416365697e-02 1.494074060583634386e-02
1.459999999999999964e+00 2.538838422645216253e-02 1.461161577354783830e-02
1.479999999999999982e+00 2.538838422645216253e-02 1.461161577354783830e-02
1.500000000000000000e+00 2.538838422645216253e-02 1.461161577354783830e-02
1.520000000000000018e+00 2.538838422645216253e-02 1.461161577354783830e-02
1.540000000000000036e+00 2.522382181029639986e-02 1.477617818970360097e-02
1.560000000000000053e+00 2.522382181029639986e-02 1.477617818970360097e-02
1.580000000000000071e+00 2.538838422645216253e-02 1.461161577354783830e-02
1.600000000000000089e+00 2.571750905883276803e-02 1.428249094116723281e-02
1.620000000000000107e+00 2.538838422645216253e-02 1.461161577354783830e-02
1.639999999999999902e+00 2.505925939416365697e-02 1.494074060583634386e-02
1.659999999999999920e+00 2.538838422645216253e-02 1.461161577354783830e-02
1.679999999999999938e+00 2.522382181029639986e-02 1.477617818970360097e-02
1.699999999999999956e+00 2.555294664263094845e-02 1.444705335736905238e-02
1.719999999999999973e+00 2.522382181029639986e-02 1.477617818970360097e-02
1.739999999999999991e+00 2.505925939416365697e-02 1.494074060583634386e-02
1.760000000000000009e+00 2.505925939416365697e-02 1.494074060583634386e-02
1.780000000000000027e+00 2.555294664263094845e-02 1.444705335736905238e-02
1.800000000000000044e+00 2.538838422645216253e-02 1.461161577354783830e-02
1.820000000000000062e+00 2.538838422645216253e-02 1.461161577354783830e-02
1.840000000000000080e+00 2.522382181029639986e-02 1.477617818970360097e-02
1.860000000000000098e+00 2.555294664263094845e-02 1.444705335736905238e-02
1.879999999999999893e+00 2.555294664263094845e-02 1.444705335736905238e-02
1.899999999999999911e+00 2.555294664263094845e-02 1.444705335736905238e-02
1.919999999999999929e+00 2.522382181029639986e-02 1.477617818970360097e-02
1.939999999999999947e+00 2.522382181029639986e-02 1.477617818970360097e-02
1.959999999999999964e+00 2.505925939416365697e-02 1.494074060583634386e-02
1.979999999999999982e+00 2.522382181029639986e-02 1.477617818970360097e-02
2.000000000000000000e+00 2.522382181029639986e-02 1.477617818970360097e-02
2.020000000000000018e+00 2.522382181029639986e-02 1.477617818970360097e-02
2.040000000000000036e+00 2.522382181029639986e-02 1.477617818970360097e-02
2.060000000000000053e+00 2.571750905883276803e-02 1.428249094116723281e-02
2.080000000000000071e+00 2.522382181029639986e-02 1.477617818970360097e-02
2.100000000000000089e+00 2.505925939416365697e-02 1.494074060583634386e-02
2.120000000000000107e+00 2.555294664263094845e-02 1.444705335736905238e-02
2.140000000000000124e+00 2.538838422645216253e-02 1.461161577354783830e-02
2.160000000000000142e+00 2.538838422645216253e-02 1.461161577354783830e-02
2.180000000000000160e+00 2.456557214590342902e-02 1.543442785409657181e-02
2.200000000000000178e+00 2.538838422645216253e-02 1.461161577354783830e-02
2.220000000000000195e+00 2.489469697805391651e-02 1.510530302194608432e-02
2.240000000000000213e+00 2.538838422645216253e-02 1.461161577354783830e-02
2.259999999999999787e+00 2.538838422645216253e-02 1.461161577354783830e-02
2.279999999999999805e+00 2.522382181029639986e-02 1.477617818970360097e-02
2.299999999999999822e+00 2.522382181029639986e-02 1.477617818970360097e-02
2.319999999999999840e+00 2.522382181029639986e-02 1.477617818970360097e-02
2.339999999999999858e+00 2.522382181029639986e-02 1.477617818970360097e-02
2.359999999999999876e+00 2.505925939416365697e-02 1.494074060583634386e-02
2.379999999999999893e+00 2.522382181029639986e-02 1.477617818970360097e-02
2.399999999999999911e+00 2.456557214590342902e-02 1.543442785409657181e-02
2.419999999999999929e+00 2.505925939416365697e-02 1.494074060583634386e-02
2.439999999999999947e+00 2.489469697805391651e-02 1.510530302194608432e-02
2.459999999999999964e+00 2.505925939416365697e-02 1.494074060583634386e-02
2.479999999999999982e+00 2.522382181029639986e-02 1.477617818970360097e-02
2.500000000000000000e+00 2.505925939416365697e-02 1.494074060583634386e-02
2.520000000000000018e+00 2.522382181029639986e-02 1.477617818970360097e-02
2.540000000000000036e+00 2.538838422645216253e-02 1.461161577354783830e-02
2.560000000000000053e+00 2.489469697805391651e-02 1.510530302194608432e-02
2.580000000000000071e+00 2.538838422645216253e-02 1.461161577354783830e-02
2.600000000000000089e+00 2.505925939416365697e-02 1.494074060583634386e-02
2.620000000000000107e+00 2.505925939416365697e-02 1.494074060583634386e-02
2.640000000000000124e+00 2.489469697805391651e-02 1.510530302194608432e-02
2.660000000000000142e+00 2.489469697805391651e-02 1.510530302194608432e-02
2.680000000000000160e+00 2.522382181029639986e-02 1.477617818970360097e-02
2.700000000000000178e+00 2.538838422645216253e-02 1.461161577354783830e-02
2.720000000000000195e+00 2.522382181029639986e-02 1.477617818970360097e-02
2.740000000000000213e+00 2.538838422645216253e-02 1.461161577354783830e-02
2.759999999999999787e+00 2.522382181029639986e-02 1.477617818970360097e-02
2.779999999999999805e+00 2.505925939416365697e-02 1.494074060583634386e-02
2.799999999999999822e+00 2.538838422645216253e-02 1.461161577354783830e-02
2.819999999999999840e+00 2.505925939416365697e-02 1.494074060583634386e-02
2.839999999999999858e+00 2.505925939416365697e-02 1.494074060583634386e-02
2.859999999999999876e+00 2.538838422645216253e-02 1.461161577354783830e-02
2.879999999999999893e+00 2.505925939416365697e-02 1.494074060583634386e-02
2.899999999999999911e+00 2.538838422645216253e-02 1.461161577354783830e-02
2.919999999999999929e+00 2.522382181029639986e-02 1.477617818970360097e-02
2.939999999999999947e+00 2.505925939416365697e-02 1.494074060583634386e-02
2.959999999999999964e+00 2.555294664263094845e-02 1.444705335736905238e-02
2.979999999999999982e+00 2.538838422645216253e-02 1.461161577354783830e-02
3.000000000000000000e+00 2.522382181029639986e-02 1.477617818970360097e-02
3.020000000000000018e+00 2.522382181029639986e-02 1.477617818970360097e-02
3.040000000000000036e+00 2.538838422645216253e-02 1.461161577354783830e-02
3.060000000000000053e+00 2.505925939416365697e-02 1.494074060583634386e-02
3.080000000000000071e+00 2.505925939416365697e-02 1.494074060583634386e-02
3.100000000000000089e+00 2.538838422645216253e-02 1.461161577354783830e-02
3.120000000000000107e+00 2.522382181029639986e-02 1.477617818970360097e-02
3.140000000000000124e+00 2.522382181029639986e-02 1.477617818970360097e-02
3.160000000000000142e+00 2.522382181029639986e-02 1.477617818970360097e-02
3.180000000000000160e+00 2.522382181029639986e-02 1.477617818970360097e-02
3.200000000000000178e+00 2.538838422645216253e-02 1.461161577354783830e-02
3.220000000000000195e+00 2.522382181029639986e-02 1.477617818970360097e-02
3.240000000000000213e+00 2.522382181029639986e-02 1.477617818970360097e-02
3.259999999999999787e+00 2.555294664263094845e-02 1.444705335736905238e-02
3.279999999999999805e+00 2.522382181029639986e-02 1.477617818970360097e-02
3.299999999999999822e+00 2.538838422645216253e-02 1.461161577354783830e-02
3.319999999999999840e+00 2.505925939416365697e-02 1.494074060583634386e-02
3.339999999999999858e+00 2.538838422645216253e-02 1.461161577354783830e-02
3.359999999999999876e+00 2.505925939416365697e-02 1.494074060583634386e-02
3.379999999999999893e+00 2.522382181029639986e-02 1.477617818970360097e-02
3.399999999999999911e+00 2.505925939416365697e-02 1.494074060583634386e-02
3.419999999999999929e+00 2.489469697805391651e-02 1.510530302194608432e-02
3.439999999999999947e+00 2.505925939416365697e-02 1.494074060583634386e-02
3.459999999999999964e+00 2.505925939416365697e-02 1.494074060583634386e-02
3.479999999999999982e+00 2.522382181029639986e-02 1.477617818970360097e-02
3.500000000000000000e+00 2.489469697805391651e-02 1.510530302194608432e-02
3.520000000000000018e+00 2.505925939416365697e-02 1.494074060583634386e-02
3.540000000000000036e+00 2.505925939416365697e-02 1.494074060583634386e-02
3.560000000000000053e+00 2.473013456196718196e-02 1.526986543803281887e-02
3.580000000000000071e+00 2.505925939416365697e-02 1.494074060583634386e-02
3.600000000000000089e+00 2.505925939416365697e-02 1.494074060583634386e-02
3.620000000000000107e+00 2.522382181029639986e-02 1.477617818970360097e-02
3.640000000000000124e+00 2.505925939416365697e-02 1.494074060583634386e-02
3.660000000000000142e+00 2.489469697805391651e-02 1.510530302194608432e-02
3.680000000000000160e+00 2.489469697805391651e-02 1.510530302194608432e-02
3.700000000000000178e+00 2.505925939416365697e-02 1.494074060583634386e-02
3.720000000000000195e+00 2.473013456196718196e-02 1.526986543803281887e-02
3.740000000000000213e+00 2.505925939416365697e-02 1.494074060583634386e-02
3.759999999999999787e+00 2.489469697805391651e-02 1.510530302194608432e-02
3.779999999999999805e+00 2.473013456196718196e-02 1.526986543803281887e-02
3.799999999999999822e+00 2.505925939416365697e-02 1.494074060583634386e-02
3.819999999999999840e+00 2.522382181029639986e-02 1.477617818970360097e-02
3.839999999999999858e+00 2.505925939416365697e-02 1.494074060583634386e-02
3.859999999999999876e+00 2.538838422645216253e-02 1.461161577354783830e-02
3.879999999999999893e+00 2.505925939416365697e-02 1.494074060583634386e-02
3.899999999999999911e+00 2.489469697805391651e-02 1.510530302194608432e-02
3.919999999999999929e+00 2.489469697805391651e-02 1.510530302194608432e-02
3.939999999999999947e+00 2.538838422645216253e-02 1.461161577354783830e-02
3.959999999999999964e+00 2.473013456196718196e-02 1.526986543803281887e-02
3.979999999999999982e+00 2.473013456196718196e-02 1.526986543803281887e-02
4.000000000000000000e+00 2.522382181029639986e-02 1.477617818970360097e-02
4.019999999999999574e+00 2.505925939416365697e-02 1.494074060583634386e-02
4.040000000000000036e+00 2.505925939416365697e-02 1.494074060583634386e-02
4.059999999999999609e+00 2.440100972986266464e-02 1.559899027013733619e-02
4.080000000000000071e+00 2.505925939416365697e-02 1.494074060583634386e-02
4.099999999999999645e+00 2.505925939416365697e-02 1.494074060583634386e-02
4.120000000000000107e+00 2.489469697805391651e-02 1.510530302194608432e-02
4.139999999999999680e+00 2.489469697805391651e-02 1.510530302194608432e-02
4.160000000000000142e+00 2.522382181029639986e-02 1.477617818970360097e-02
4.179999999999999716e+00 2.505925939416365697e-02 1.494074060583634386e-02
4.200000000000000178e+00 2.489469697805391651e-02 1.510530302194608432e-02
4.219999999999999751e+00 2.522382181029639986e-02 1.477617818970360097e-02
4.240000000000000213e+00 2.505925939416365697e-02 1.494074060583634386e-02
4.259999999999999787e+00 2.473013456196718196e-02 1.526986543803281887e-02
4.280000000000000249e+00 2.505925939416365697e-02 1.494074060583634386e-02
4.299999999999999822e+00 2.489469697805391651e-02 1.510530302194608432e-02
4.320000000000000284e+00 2.473013456196718196e-02 1.526986543803281887e-02
4.339999999999999858e+00 2.522382181029639986e-02 1.477617818970360097e-02
4.360000000000000320e+00 2.489469697805391651e-02 1.510530302194608432e-02
4.379999999999999893e+00 2.489469697805391651e-02 1.510530302194608432e-02
4.400000000000000355e+00 2.489469697805391651e-02 1.510530302194608432e-02
4.419999999999999929e+00 2.522382181029639986e-02 1.477617818970360097e-02
4.440000000000000391e+00 2.489469697805391651e-02 1.510530302194608432e-02
4.459999999999999964e+00 2.505925939416365697e-02 1.494074060583634386e-02
4.480000000000000426e+00 2.489469697805391651e-02 1.510530302194608432e-02
4.500000000000000000e+00 2.473013456196718196e-02 1.526986543803281887e-02
4.519999999999999574e+00 2.473013456196718196e-02 1.526986543803281887e-02
4.540000000000000036e+00 2.473013456196718196e-02 1.526986543803281887e-02
4.559999999999999609e+00 2.538838422645216253e-02 1.461161577354783830e-02
4.580000000000000071e+00 2.473013456196718196e-02 1.526986543803281887e-02
4.599999999999999645e+00 2.440100972986266464e-02 1.559899027013733619e-02
4.620000000000000107e+00 2.489469697805391651e-02 1.510530302194608432e-02
4.639999999999999680e+00 2.505925939416365697e-02 1.494074060583634386e-02
4.660000000000000142e+00 2.489469697805391651e-02 1.510530302194608432e-02
4.679999999999999716e+00 2.505925939416365697e-02 1.494074060583634386e-02
4.700000000000000178e+00 2.489469697805391651e-02 1.510530302194608432e-02
4.719999999999999751e+00 2.473013456196718196e-02 1.526986543803281887e-02
4.740000000000000213e+00 2.456557214590342902e-02 1.543442785409657181e-02
4.759999999999999787e+00 2.473013456196718196e-02 1.526986543803281887e-02
4.780000000000000249e+00 2.456557214590342902e-02 1.543442785409657181e-02
4.799999999999999822e+00 2.473013456196718196e-02 1.526986543803281887e-02
4.820000000000000284e+00 2.440100972986266464e-02 1.559899027013733619e-02
4.839999999999999858e+00 2.456557214590342902e-02 1.543442785409657181e-02
4.860000000000000320e+00 2.473013456196718196e-02 1.526986543803281887e-02
4.879999999999999893e+00 2.440100972986266464e-02 1.559899027013733619e-02
4.900000000000000355e+00 2.440100972986266464e-02 1.559899027013733619e-02
4.919999999999999929e+00 2.456557214590342902e-02 1.543442785409657181e-02
4.940000000000000391e+00 2.473013456196718196e-02 1.526986543803281887e-02
4.959999999999999964e+00 2.473013456196718196e-02 1.526986543803281887e-02
4.980000000000000426e+00 2.473013456196718196e-02 1.526986543803281887e-02
