0.000000000000000000e+00 3.213544330876390298e-02 2.786455669123609480e-02
2.000000000000000042e-02 7.475711015238215018e-02 -1.475711015238215240e-02
4.000000000000000083e-02 3.345194264646256244e-02 2.654805735353743534e-02
5.999999999999999778e-02 7.607360954097240613e-02 -1.607360954097240835e-02
8.000000000000000167e-02 3.443931715072147404e-02 2.556068284927852374e-02
1.000000000000000056e-01 7.722554650733992609e-02 -1.722554650733992831e-02
1.199999999999999956e-01 7.706098408349580653e-02 -1.706098408349580875e-02
1.400000000000000133e-01 3.476844198566242383e-02 2.523155801433757395e-02
1.600000000000000033e-01 3.230000572589428881e-02 2.769999427410570897e-02
1.799999999999999933e-01 7.508623499937552848e-02 -1.508623499937553070e-02
2.000000000000000111e-01 8.232698165934740353e-02 -2.232698165934740575e-02
2.200000000000000011e-01 4.151550112279178001e-02 1.848449887720821777e-02
2.399999999999999911e-01 3.213544330876390298e-02 2.786455669123609480e-02
2.600000000000000089e-01 8.413716833219779534e-02 -2.413716833219779756e-02
2.800000000000000266e-01 3.312281781189733293e-02 2.687718218810266485e-02
2.999999999999999889e-01 8.347891863261372447e-02 -2.347891863261372669e-02
3.200000000000000067e-01 3.411019231587456013e-02 2.588980768412543765e-02
3.400000000000000244e-01 3.427475473328626954e-02 2.572524526671372824e-02
3.599999999999999867e-01 8.825122896410673989e-02 -2.825122896410674211e-02
3.800000000000000044e-01 3.509756682069748585e-02 2.490243317930251193e-02
4.000000000000000222e-01 8.660560470937170297e-02 -2.660560470937170519e-02
4.199999999999999845e-01 3.641406616178020916e-02 2.358593383821978862e-02
4.400000000000000022e-01 8.545366773262259852e-02 -2.545366773262260074e-02
4.600000000000000200e-01 3.723687825072410917e-02 2.276312174927588861e-02
4.799999999999999822e-01 8.446629318214679549e-02 -2.446629318214679771e-02
5.000000000000000000e-01 3.723687825072410917e-02 2.276312174927588861e-02
5.200000000000000178e-01 8.397260590726254859e-02 -2.397260590726255081e-02
5.400000000000000355e-01 3.756600308646721592e-02 2.243399691353278186e-02
5.600000000000000533e-01 8.413716833219779534e-02 -2.413716833219779756e-02
5.799999999999999600e-01 3.690775341507562812e-02 2.309224658492436966e-02
5.999999999999999778e-01 8.347891863261372447e-02 -2.347891863261372669e-02
6.199999999999999956e-01 3.773056550437428602e-02 2.226943449562571176e-02
6.400000000000000133e-01 8.282066893344779135e-02 -2.282066893344779357e-02
6.600000000000000311e-01 3.789512792230503857e-02 2.210487207769495921e-02
6.800000000000000488e-01 8.216241923469942698e-02 -2.216241923469942920e-02
6.999999999999999556e-01 3.838881517623948803e-02 2.161118482376050975e-02
7.199999999999999734e-01 8.166873196091184450e-02 -2.166873196091184672e-02
7.399999999999999911e-01 3.888250243038742643e-02 2.111749756961257135e-02
7.600000000000000089e-01 3.888250243038742643e-02 2.111749756961257135e-02
7.800000000000000266e-01 8.117504468735858847e-02 -2.117504468735859069e-02
8.000000000000000444e-01 8.512454288235914157e-02 -2.512454288235914379e-02
8.199999999999999512e-01 3.509756682069748585e-02 2.490243317930251193e-02
8.399999999999999689e-01 8.413716833219779534e-02 -2.413716833219779756e-02
8.599999999999999867e-01 3.641406616178020916e-02 2.358593383821978862e-02
8.800000000000000044e-01 8.298523135820010110e-02 -2.298523135820010332e-02
9.000000000000000222e-01 3.690775341507562812e-02 2.309224658492436966e-02
9.200000000000000400e-01 8.265610650872157183e-02 -2.265610650872157406e-02
9.399999999999999467e-01 3.723687825072410917e-02 2.276312174927588861e-02
9.599999999999999645e-01 8.232698165934740353e-02 -2.232698165934740575e-02
9.799999999999999822e-01 8.216241923469942698e-02 -2.216241923469942920e-02
1.000000000000000000e+00 3.773056550437428602e-02 2.226943449562571176e-02
1.020000000000000018e+00 3.345194264646256244e-02 2.654805735353743534e-02
1.040000000000000036e+00 8.611191743346445493e-02 -2.611191743346445715e-02
1.060000000000000053e+00 3.443931715072147404e-02 2.556068284927852374e-02
1.080000000000000071e+00 8.479541803220055907e-02 -2.479541803220056129e-02
1.100000000000000089e+00 3.608494132636801133e-02 2.391505867363198645e-02
1.120000000000000107e+00 8.380804348235346146e-02 -2.380804348235346368e-02
1.139999999999999902e+00 3.690775341507562812e-02 2.309224658492436966e-02
1.159999999999999920e+00 8.314979378297851498e-02 -2.314979378297851720e-02
1.179999999999999938e+00 3.740144066858382826e-02 2.259855933141616952e-02
1.199999999999999956e+00 3.723687825072410917e-02 2.276312174927588861e-02
1.219999999999999973e+00 8.232698165934740353e-02 -2.232698165934740575e-02
1.239999999999999991e+00 4.316112530864763680e-02 1.683887469135236098e-02
1.260000000000000009e+00 8.150416953636806239e-02 -2.150416953636806461e-02
1.280000000000000027e+00 4.299656288995430675e-02 1.700343711004569103e-02
1.300000000000000044e+00 8.068135741403943684e-02 -2.068135741403943906e-02
1.320000000000000062e+00 4.283200047128493670e-02 1.716799952871506107e-02
1.340000000000000080e+00 8.002310771664428168e-02 -2.002310771664428390e-02
1.360000000000000098e+00 4.283200047128493670e-02 1.716799952871506107e-02
1.379999999999999893e+00 7.920029559548413811e-02 -1.920029559548414033e-02
1.399999999999999911e+00 4.299656288995430675e-02 1.700343711004569103e-02
1.419999999999999929e+00 4.283200047128493670e-02 1.716799952871506107e-02
1.439999999999999947e+00 8.265610650872157183e-02 -2.265610650872157406e-02
1.459999999999999964e+00 4.266743805263953360e-02 1.733256194736046418e-02
1.479999999999999982e+00 8.133960711185031500e-02 -2.133960711185031722e-02
1.500000000000000000e+00 4.283200047128493670e-02 1.716799952871506107e-02
1.520000000000000018e+00 8.035223256528992164e-02 -2.035223256528992386e-02
1.540000000000000036e+00 4.299656288995430675e-02 1.700343711004569103e-02
1.560000000000000053e+00 7.920029559548413811e-02 -1.920029559548414033e-02
1.580000000000000071e+00 4.349025014610623935e-02 1.650974985389375843e-02
1.600000000000000089e+00 7.870660832309896160e-02 -1.870660832309896382e-02
1.620000000000000107e+00 4.349025014610623935e-02 1.650974985389375843e-02
1.639999999999999902e+00 4.332568772736494767e-02 1.667431227263505011e-02
1.659999999999999920e+00 8.199785681007751292e-02 -2.199785681007751514e-02
1.679999999999999938e+00 4.283200047128493670e-02 1.716799952871506107e-02
1.699999999999999956e+00 8.117504468735858847e-02 -2.117504468735859069e-02
1.719999999999999973e+00 4.250287563401807661e-02 1.749712436598192117e-02
1.739999999999999991e+00 8.068135741403943684e-02 -2.068135741403943906e-02
1.760000000000000009e+00 4.233831321542055881e-02 1.766168678457943897e-02
1.780000000000000027e+00 8.101048226289286891e-02 -2.101048226289287113e-02
1.800000000000000044e+00 4.135093870433772384e-02 1.864906129566227394e-02
1.820000000000000062e+00 8.051679498965169657e-02 -2.051679498965169879e-02
1.840000000000000080e+00 4.151550112279178001e-02 1.848449887720821777e-02
1.860000000000000098e+00 8.051679498965169657e-02 -2.051679498965169879e-02
1.879999999999999893e+00 4.102181386750123476e-02 1.897818613249876302e-02
1.899999999999999911e+00 8.002310771664428168e-02 -2.002310771664428390e-02
1.919999999999999929e+00 4.118637628590754440e-02 1.881362371409245338e-02
1.939999999999999947e+00 7.920029559548413811e-02 -1.920029559548414033e-02
1.959999999999999964e+00 4.184462595977156418e-02 1.815537404022843360e-02
1.979999999999999982e+00 7.903573317132984999e-02 -1.903573317132985221e-02
2.000000000000000000e+00 4.184462595977156418e-02 1.815537404022843360e-02
2.020000000000000018e+00 7.854204589902234745e-02 -1.854204589902234968e-02
2.040000000000000036e+00 4.184462595977156418e-02 1.815537404022843360e-02
2.060000000000000053e+00 4.200918837829731300e-02 1.799081162170268477e-02
2.080000000000000071e+00 7.854204589902234745e-02 -1.854204589902234968e-02
2.100000000000000089e+00 8.183329438548164747e-02 -2.183329438548164969e-02
2.120000000000000107e+00 3.822425275823762569e-02 2.177574724176237209e-02
2.140000000000000124e+00 8.117504468735858847e-02 -2.117504468735859069e-02
2.160000000000000142e+00 3.888250243038742643e-02 2.111749756961257135e-02
2.180000000000000160e+00 8.068135741403943684e-02 -2.068135741403943906e-02
2.200000000000000178e+00 3.937618968474908276e-02 2.062381031525091502e-02
2.220000000000000195e+00 8.018767014095412593e-02 -2.018767014095412815e-02
2.240000000000000213e+00 4.003443935756417077e-02 1.996556064243582701e-02
2.259999999999999787e+00 7.985854529236038890e-02 -1.985854529236039112e-02
2.279999999999999805e+00 7.969398286810244758e-02 -1.969398286810244980e-02
2.299999999999999822e+00 4.036356419411453456e-02 1.963643580588546322e-02
2.319999999999999840e+00 3.608494132636801133e-02 2.391505867363198645e-02
2.339999999999999858e+00 8.364348105747052009e-02 -2.364348105747052231e-02
2.359999999999999876e+00 3.707231583288804477e-02 2.292768416711195301e-02
2.379999999999999893e+00 8.265610650872157183e-02 -2.265610650872157406e-02
2.399999999999999911e+00 3.805969034025948050e-02 2.194030965974051728e-02
2.419999999999999929e+00 8.183329438548164747e-02 -2.183329438548164969e-02
2.439999999999999947e+00 3.871794001231437798e-02 2.128205998768561980e-02
2.459999999999999964e+00 8.133960711185031500e-02 -2.133960711185031722e-02
2.479999999999999982e+00 3.921162726660477188e-02 2.078837273339522590e-02
2.500000000000000000e+00 3.904706484848421977e-02 2.095293515151577801e-02
2.520000000000000018e+00 8.084591983845315633e-02 -2.084591983845315855e-02
2.540000000000000036e+00 4.414849982131143630e-02 1.585150017868856148e-02
2.560000000000000053e+00 8.018767014095412593e-02 -2.018767014095412815e-02
2.580000000000000071e+00 4.398393740247411726e-02 1.601606259752588052e-02
2.600000000000000089e+00 7.920029559548413811e-02 -1.920029559548414033e-02
2.620000000000000107e+00 4.398393740247411726e-02 1.601606259752588052e-02
2.640000000000000124e+00 7.837748347497158763e-02 -1.837748347497158985e-02
2.660000000000000142e+00 4.414849982131143630e-02 1.585150017868856148e-02
2.680000000000000160e+00 7.771923377902709151e-02 -1.771923377902709373e-02
2.700000000000000178e+00 4.414849982131143630e-02 1.585150017868856148e-02
2.720000000000000195e+00 4.414849982131143630e-02 1.585150017868856148e-02
2.740000000000000213e+00 8.068135741403943684e-02 -2.068135741403943906e-02
2.759999999999999787e+00 4.414849982131143630e-02 1.585150017868856148e-02
2.779999999999999805e+00 7.952942044387041609e-02 -1.952942044387041831e-02
2.799999999999999822e+00 4.447762465905816948e-02 1.552237534094182830e-02
2.819999999999999840e+00 7.854204589902234745e-02 -1.854204589902234968e-02
2.839999999999999858e+00 4.464218707796760444e-02 1.535781292203239334e-02
2.859999999999999876e+00 7.771923377902709151e-02 -1.771923377902709373e-02
2.879999999999999893e+00 4.480674949690109654e-02 1.519325050309890124e-02
2.899999999999999911e+00 7.673185923588493607e-02 -1.673185923588493829e-02
2.919999999999999929e+00 4.530043675384597818e-02 1.469956324615401960e-02
2.939999999999999947e+00 4.513587433484027300e-02 1.486412566515972478e-02
2.959999999999999964e+00 7.920029559548413811e-02 -1.920029559548414033e-02
2.979999999999999982e+00 4.530043675384597818e-02 1.469956324615401960e-02
3.000000000000000000e+00 7.837748347497158763e-02 -1.837748347497158985e-02
3.020000000000000018e+00 4.530043675384597818e-02 1.469956324615401960e-02
3.040000000000000036e+00 7.771923377902709151e-02 -1.771923377902709373e-02
3.060000000000000053e+00 4.497131191585864579e-02 1.502868808414135199e-02
3.080000000000000071e+00 7.739010893120984447e-02 -1.739010893120984669e-02
3.100000000000000089e+00 4.497131191585864579e-02 1.502868808414135199e-02
3.120000000000000107e+00 7.673185923588493607e-02 -1.673185923588493829e-02
3.140000000000000124e+00 4.513587433484027300e-02 1.486412566515972478e-02
3.160000000000000142e+00 7.689642165967748577e-02 -1.689642165967748799e-02
3.180000000000000160e+00 4.464218707796760444e-02 1.535781292203239334e-02
3.200000000000000178e+00 7.640273438837716369e-02 -1.640273438837716591e-02
3.220000000000000195e+00 4.464218707796760444e-02 1.535781292203239334e-02
3.240000000000000213e+00 7.590904711730864229e-02 -1.590904711730864451e-02
3.259999999999999787e+00 4.513587433484027300e-02 1.486412566515972478e-02
3.279999999999999805e+00 7.557992227005827512e-02 -1.557992227005827734e-02
3.299999999999999822e+00 4.530043675384597818e-02 1.469956324615401960e-02
3.319999999999999840e+00 7.492167257586600237e-02 -1.492167257586600460e-02
3.339999999999999858e+00 4.595868643010979360e-02 1.404131356989020418e-02
3.359999999999999876e+00 4.579412401100767943e-02 1.420587598899231835e-02
3.379999999999999893e+00 7.492167257586600237e-02 -1.492167257586600460e-02
3.399999999999999911e+00 7.722554650733992609e-02 -1.722554650733992831e-02
3.419999999999999929e+00 4.283200047128493670e-02 1.716799952871506107e-02
3.439999999999999947e+00 7.673185923588493607e-02 -1.673185923588493829e-02
3.459999999999999964e+00 4.349025014610623935e-02 1.650974985389375843e-02
3.479999999999999982e+00 7.607360954097240613e-02 -1.607360954097240835e-02
3.500000000000000000e+00 4.398393740247411726e-02 1.601606259752588052e-02
3.520000000000000018e+00 7.590904711730864229e-02 -1.590904711730864451e-02
3.540000000000000036e+00 4.398393740247411726e-02 1.601606259752588052e-02
3.560000000000000053e+00 7.607360954097240613e-02 -1.607360954097240835e-02
3.580000000000000071e+00 7.574448469367059400e-02 -1.574448469367059622e-02
3.600000000000000089e+00 4.414849982131143630e-02 1.585150017868856148e-02
3.620000000000000107e+00 4.085725144911878798e-02 1.914274855088120980e-02
3.640000000000000124e+00 7.887117074720145782e-02 -1.887117074720146004e-02
3.660000000000000142e+00 4.168006354126972679e-02 1.831993645873027099e-02
3.680000000000000160e+00 7.837748347497158763e-02 -1.837748347497158985e-02
3.700000000000000178e+00 4.184462595977156418e-02 1.815537404022843360e-02
3.720000000000000195e+00 7.804835862694765869e-02 -1.804835862694766091e-02
3.740000000000000213e+00 4.217375079684697325e-02 1.782624920315302453e-02
3.759999999999999787e+00 7.771923377902709151e-02 -1.771923377902709373e-02
3.779999999999999805e+00 4.283200047128493670e-02 1.716799952871506107e-02
3.799999999999999822e+00 4.283200047128493670e-02 1.716799952871506107e-02
3.819999999999999840e+00 7.739010893120984447e-02 -1.739010893120984669e-02
3.839999999999999858e+00 4.678149852598247060e-02 1.321850147401752718e-02
3.859999999999999876e+00 7.673185923588493607e-02 -1.673185923588493829e-02
3.879999999999999893e+00 4.678149852598247060e-02 1.321850147401752718e-02
3.899999999999999911e+00 7.590904711730864229e-02 -1.590904711730864451e-02
3.919999999999999929e+00 4.711062336450066307e-02 1.288937663549933471e-02
3.939999999999999947e+00 7.475711015238215018e-02 -1.475711015238215240e-02
3.959999999999999964e+00 4.727518578379603237e-02 1.272481421620396541e-02
3.979999999999999982e+00 7.442798530549142588e-02 -1.442798530549142810e-02
4.000000000000000000e+00 4.727518578379603237e-02 1.272481421620396541e-02
4.019999999999999574e+00 4.743974820311560453e-02 1.256025179688439325e-02
4.040000000000000036e+00 7.409886045870330007e-02 -1.409886045870330229e-02
4.059999999999999609e+00 5.040187175501543299e-02 9.598128244984564794e-03
4.080000000000000071e+00 7.344061076543456634e-02 -1.344061076543456856e-02
4.099999999999999645e+00 5.007274691552657947e-02 9.927253084473418310e-03
4.120000000000000107e+00 7.294692349575179757e-02 -1.294692349575179979e-02
4.139999999999999680e+00 5.007274691552657947e-02 9.927253084473418310e-03
4.160000000000000142e+00 7.228867380319939362e-02 -1.228867380319939584e-02
4.179999999999999716e+00 4.990818449581867211e-02 1.009181550418132567e-02
4.200000000000000178e+00 7.245323622629917804e-02 -1.245323622629918026e-02
4.219999999999999751e+00 4.990818449581867211e-02 1.009181550418132567e-02
4.240000000000000213e+00 4.957905965647586150e-02 1.042094034352413628e-02
4.259999999999999787e+00 7.459254772892395802e-02 -1.459254772892396024e-02
4.280000000000000249e+00 4.908537239764402399e-02 1.091462760235597379e-02
4.299999999999999822e+00 7.426342288208453990e-02 -1.426342288208454212e-02
4.320000000000000284e+00 4.892080997808200687e-02 1.107919002191799090e-02
4.339999999999999858e+00 7.360517318871333259e-02 -1.360517318871333481e-02
4.360000000000000320e+00 4.892080997808200687e-02 1.107919002191799090e-02
4.379999999999999893e+00 7.327604834218140462e-02 -1.327604834218140684e-02
4.400000000000000355e+00 4.892080997808200687e-02 1.107919002191799090e-02
4.419999999999999929e+00 7.261779864942449758e-02 -1.261779864942449980e-02
4.440000000000000391e+00 4.892080997808200687e-02 1.107919002191799090e-02
4.459999999999999964e+00 7.294692349575179757e-02 -1.294692349575179979e-02
4.480000000000000426e+00 4.809799788063601894e-02 1.190200211936397884e-02
4.500000000000000000e+00 7.278236107257536613e-02 -1.278236107257536835e-02
4.519999999999999574e+00 4.809799788063601894e-02 1.190200211936397884e-02
4.540000000000000036e+00 7.261779864942449758e-02 -1.261779864942449980e-02
4.559999999999999609e+00 4.809799788063601894e-02 1.190200211936397884e-02
4.580000000000000071e+00 7.212411138012514433e-02 -1.212411138012514655e-02
4.599999999999999645e+00 4.842712271954163067e-02 1.157287728045836711e-02
4.620000000000000107e+00 7.212411138012514433e-02 -1.212411138012514655e-02
4.639999999999999680e+00 4.859168513903082409e-02 1.140831486096917369e-02
4.660000000000000142e+00 7.179498653405322339e-02 -1.179498653405322561e-02
4.679999999999999716e+00 7.195954895707643018e-02 -1.195954895707643240e-02
4.700000000000000178e+00 4.875624755854427589e-02 1.124375244145572189e-02
4.719999999999999751e+00 6.932655019176126032e-02 -9.326550191761262543e-03
4.740000000000000213e+00 4.892080997808200687e-02 1.107919002191799090e-02
4.759999999999999787e+00 6.949111261440277243e-02 -9.491112614402774650e-03
4.780000000000000249e+00 4.892080997808200687e-02 1.107919002191799090e-02
4.799999999999999822e+00 6.998479988247961747e-02 -9.984799882479619693e-03
4.820000000000000284e+00 4.875624755854427589e-02 1.124375244145572189e-02
4.839999999999999858e+00 7.031392472799123661e-02 -1.031392472799123883e-02
4.860000000000000320e+00 4.859168513903082409e-02 1.140831486096917369e-02
4.879999999999999893e+00 7.064304957360456605e-02 -1.064304957360456827e-02
4.900000000000000355e+00 7.031392472799123661e-02 -1.031392472799123883e-02
4.919999999999999929e+00 4.859168513903082409e-02 1.140831486096917369e-02
4.940000000000000391e+00 6.833917565644484493e-02 -8.339175656444847151e-03
4.959999999999999964e+00 4.892080997808200687e-02 1.107919002191799090e-02
4.980000000000000426e+00 6.866830050144892561e-02 -8.668300501448927831e-03
5.000000000000000000e+00 4.908537239764402399e-02 1.091462760235597379e-02
