# tiempo (s), tension (V)
0.000000000000000000e+00,1.000585972159174553e+00
2.777777777777777884e-03,1.000585972159174553e+00
5.555555555555555768e-03,1.000750534866450714e+00
8.333333333333333218e-03,1.000421409451973664e+00
1.111111111111111154e-02,-1.004443124994051306e+00
1.388888888888888985e-02,-1.004607687438581420e+00
1.666666666666666644e-02,-1.004772249883143509e+00
1.944444444444444475e-02,1.000585972159174553e+00
2.222222222222222307e-02,1.000915097573802148e+00
2.500000000000000139e-02,1.000750534866450714e+00
2.777777777777777971e-02,1.000750534866450714e+00
3.055555555555555802e-02,-1.004607687438581420e+00
3.333333333333333287e-02,-1.004278562549553389e+00
3.611111111111111466e-02,-1.004607687438581420e+00
3.888888888888888951e-02,9.997631586239219548e-01
4.166666666666667129e-02,1.000256846744848049e+00
4.444444444444444614e-02,1.000750534866450714e+00
4.722222222222222099e-02,1.000915097573802148e+00
5.000000000000000278e-02,-1.004772249883143509e+00
5.277777777777777762e-02,-1.004772249883143509e+00
5.555555555555555941e-02,-1.004607687438581420e+00
5.833333333333333426e-02,-1.004772249883143509e+00
6.111111111111111605e-02,1.000750534866450714e+00
6.388888888888889783e-02,1.000915097573802148e+00
6.666666666666666574e-02,1.000421409451973664e+00
6.944444444444444753e-02,-1.004278562549553389e+00
7.222222222222222932e-02,-1.004278562549553389e+00
7.499999999999999722e-02,-1.004772249883143509e+00
7.777777777777777901e-02,-1.004607687438581420e+00
8.055555555555556080e-02,1.000421409451973664e+00
8.333333333333334259e-02,1.000915097573802148e+00
8.611111111111111049e-02,1.000750534866450714e+00
8.888888888888889228e-02,-1.003784875216251704e+00
9.166666666666667407e-02,-1.004772249883143509e+00
9.444444444444444198e-02,-1.004443124994051306e+00
9.722222222222222376e-02,-1.004607687438581420e+00
1.000000000000000056e-01,1.000421409451973664e+00
1.027777777777777873e-01,1.000585972159174553e+00
1.055555555555555552e-01,1.000915097573802148e+00
1.083333333333333370e-01,1.000915097573802148e+00
1.111111111111111188e-01,-1.004772249883143509e+00
1.138888888888888867e-01,-1.004772249883143509e+00
1.166666666666666685e-01,-1.004772249883143509e+00
1.194444444444444503e-01,1.000585972159174553e+00
1.222222222222222321e-01,1.000915097573802148e+00
1.250000000000000000e-01,1.000585972159174553e+00
1.277777777777777957e-01,1.000585972159174553e+00
1.305555555555555636e-01,-1.004607687438581420e+00
1.333333333333333315e-01,-1.004443124994051306e+00
1.361111111111111271e-01,-1.004443124994051306e+00
1.388888888888888951e-01,9.999277213308220835e-01
1.416666666666666630e-01,1.000585972159174553e+00
1.444444444444444586e-01,1.000915097573802148e+00
1.472222222222222265e-01,1.000585972159174553e+00
1.499999999999999944e-01,-1.004278562549553389e+00
1.527777777777777901e-01,-1.004772249883143509e+00
1.555555555555555580e-01,-1.004772249883143509e+00
1.583333333333333259e-01,-1.004607687438581420e+00
1.611111111111111216e-01,1.000750534866450714e+00
1.638888888888888895e-01,1.000750534866450714e+00
1.666666666666666852e-01,1.000915097573802148e+00
1.694444444444444531e-01,-1.004278562549553389e+00
1.722222222222222210e-01,-1.004772249883143509e+00
1.750000000000000167e-01,-1.004607687438581420e+00
1.777777777777777846e-01,-1.004443124994051306e+00
1.805555555555555525e-01,1.000421409451973664e+00
1.833333333333333481e-01,1.000915097573802148e+00
1.861111111111111160e-01,1.000585972159174553e+00
1.888888888888888840e-01,-1.003620312771881906e+00
1.916666666666666796e-01,-1.004772249883143509e+00
1.944444444444444475e-01,-1.004443124994051306e+00
1.972222222222222432e-01,-1.004607687438581420e+00
2.000000000000000111e-01,1.000915097573802148e+00
2.027777777777777790e-01,1.000750534866450714e+00
2.055555555555555747e-01,1.000915097573802148e+00
2.083333333333333426e-01,1.000750534866450714e+00
2.111111111111111105e-01,-1.004607687438581420e+00
2.138888888888889062e-01,-1.004443124994051306e+00
2.166666666666666741e-01,-1.004772249883143509e+00
2.194444444444444420e-01,1.000585972159174553e+00
2.222222222222222376e-01,1.000750534866450714e+00
2.250000000000000056e-01,1.000750534866450714e+00
2.277777777777777735e-01,1.000915097573802148e+00
2.305555555555555691e-01,-1.004443124994051306e+00
2.333333333333333370e-01,-1.004607687438581420e+00
2.361111111111111327e-01,-1.004607687438581420e+00
2.388888888888889006e-01,9.997631586239219548e-01
2.416666666666666685e-01,1.000750534866450714e+00
2.444444444444444642e-01,1.000750534866450714e+00
2.472222222222222321e-01,1.000915097573802148e+00
2.500000000000000000e-01,-1.004607687438581420e+00
2.527777777777777679e-01,-1.004443124994051306e+00
2.555555555555555913e-01,-1.004772249883143509e+00
2.583333333333333592e-01,-1.004278562549553389e+00
2.611111111111111271e-01,1.000915097573802148e+00
2.638888888888888951e-01,1.000585972159174553e+00
2.666666666666666630e-01,1.000750534866450714e+00
2.694444444444444309e-01,-1.004114000105087445e+00
2.722222222222222543e-01,-1.004936812327738016e+00
2.750000000000000222e-01,-1.004607687438581420e+00
2.777777777777777901e-01,-1.004607687438581420e+00
2.805555555555555580e-01,1.000256846744848049e+00
2.833333333333333259e-01,1.000585972159174553e+00
2.861111111111111494e-01,1.000585972159174553e+00
2.888888888888889173e-01,-1.003949437660653476e+00
2.916666666666666852e-01,-1.004772249883143509e+00
2.944444444444444531e-01,-1.004607687438581420e+00
2.972222222222222210e-01,-1.004936812327738016e+00
2.999999999999999889e-01,1.000915097573802148e+00
3.027777777777778123e-01,1.000585972159174553e+00
3.055555555555555802e-01,1.000585972159174553e+00
3.083333333333333481e-01,1.000585972159174553e+00
3.111111111111111160e-01,-1.004443124994051306e+00
3.138888888888888840e-01,-1.004607687438581420e+00
3.166666666666666519e-01,-1.004772249883143509e+00
3.194444444444444753e-01,1.000256846744848049e+00
3.222222222222222432e-01,1.001079660281228634e+00
3.250000000000000111e-01,1.000421409451973664e+00
3.277777777777777790e-01,1.000915097573802148e+00
3.305555555555555469e-01,-1.004278562549553389e+00
3.333333333333333703e-01,-1.004772249883143509e+00
3.361111111111111382e-01,-1.004772249883143509e+00
3.388888888888889062e-01,9.997631586239219548e-01
3.416666666666666741e-01,1.000915097573802148e+00
3.444444444444444420e-01,1.000915097573802148e+00
3.472222222222222099e-01,1.000750534866450714e+00
3.500000000000000333e-01,-1.004607687438581420e+00
3.527777777777778012e-01,-1.004443124994051306e+00
3.555555555555555691e-01,-1.004607687438581420e+00
3.583333333333333370e-01,-1.004607687438581420e+00
3.611111111111111049e-01,1.000915097573802148e+00
3.638888888888889284e-01,1.000585972159174553e+00
3.666666666666666963e-01,1.000915097573802148e+00
3.694444444444444642e-01,-1.004443124994051306e+00
3.722222222222222321e-01,-1.004607687438581420e+00
3.750000000000000000e-01,-1.004607687438581420e+00
3.777777777777777679e-01,-1.004443124994051306e+00
3.805555555555555913e-01,1.000421409451973664e+00
3.833333333333333592e-01,1.000750534866450714e+00
3.861111111111111271e-01,1.001079660281228634e+00
3.888888888888888951e-01,-1.003784875216251704e+00
3.916666666666666630e-01,-1.004772249883143509e+00
3.944444444444444864e-01,-1.004607687438581420e+00
3.972222222222222543e-01,-1.004772249883143509e+00
4.000000000000000222e-01,1.000750534866450714e+00
4.027777777777777901e-01,1.000750534866450714e+00
4.055555555555555580e-01,1.000256846744848049e+00
4.083333333333333259e-01,1.000750534866450714e+00
4.111111111111111494e-01,-1.004772249883143509e+00
4.138888888888889173e-01,-1.004443124994051306e+00
4.166666666666666852e-01,-1.004114000105087445e+00
4.194444444444444531e-01,1.000750534866450714e+00
4.222222222222222210e-01,1.000750534866450714e+00
4.249999999999999889e-01,1.000750534866450714e+00
4.277777777777778123e-01,1.000585972159174553e+00
4.305555555555555802e-01,-1.004936812327738016e+00
4.333333333333333481e-01,-1.004443124994051306e+00
4.361111111111111160e-01,-1.004607687438581420e+00
4.388888888888888840e-01,1.000092284037797485e+00
4.416666666666667074e-01,1.000750534866450714e+00
4.444444444444444753e-01,1.000585972159174553e+00
4.472222222222222432e-01,1.000750534866450714e+00
4.500000000000000111e-01,-1.004278562549553389e+00
4.527777777777777790e-01,-1.004772249883143509e+00
4.555555555555555469e-01,-1.004607687438581420e+00
4.583333333333333703e-01,-1.004607687438581420e+00
4.611111111111111382e-01,1.000421409451973664e+00
4.638888888888889062e-01,1.000585972159174553e+00
4.666666666666666741e-01,1.000915097573802148e+00
4.694444444444444420e-01,-1.004607687438581420e+00
4.722222222222222654e-01,-1.004443124994051306e+00
4.750000000000000333e-01,-1.004278562549553389e+00
4.777777777777778012e-01,-1.004772249883143509e+00
4.805555555555555691e-01,1.000750534866450714e+00
4.833333333333333370e-01,1.000915097573802148e+00
4.861111111111111049e-01,1.000256846744848049e+00
4.888888888888889284e-01,-1.003455750327544083e+00
4.916666666666666963e-01,-1.004607687438581420e+00
4.944444444444444642e-01,-1.005101374772364276e+00
4.972222222222222321e-01,-1.004772249883143509e+00
5.000000000000000000e-01,1.000915097573802148e+00
5.027777777777777679e-01,1.000750534866450714e+00
5.055555555555555358e-01,1.000915097573802148e+00
5.083333333333333037e-01,1.000750534866450714e+00
5.111111111111111827e-01,-1.004607687438581420e+00
5.138888888888889506e-01,-1.004443124994051306e+00
5.166666666666667185e-01,-1.004607687438581420e+00
5.194444444444444864e-01,1.000256846744848049e+00
5.222222222222222543e-01,1.000750534866450714e+00
5.250000000000000222e-01,1.000585972159174553e+00
5.277777777777777901e-01,1.000915097573802148e+00
5.305555555555555580e-01,-1.004607687438581420e+00
5.333333333333333259e-01,-1.004443124994051306e+00
5.361111111111110938e-01,-1.004443124994051306e+00
5.388888888888888618e-01,9.997631586239219548e-01
5.416666666666667407e-01,1.000750534866450714e+00
5.444444444444445086e-01,1.000750534866450714e+00
5.472222222222222765e-01,1.000750534866450714e+00
5.500000000000000444e-01,-1.004607687438581420e+00
5.527777777777778123e-01,-1.004443124994051306e+00
5.555555555555555802e-01,-1.004443124994051306e+00
5.583333333333333481e-01,-1.004607687438581420e+00
5.611111111111111160e-01,1.000585972159174553e+00
5.638888888888888840e-01,1.000915097573802148e+00
5.666666666666666519e-01,1.000915097573802148e+00
5.694444444444444198e-01,-1.004278562549553389e+00
5.722222222222222987e-01,-1.004443124994051306e+00
5.750000000000000666e-01,-1.004607687438581420e+00
5.777777777777778345e-01,-1.004607687438581420e+00
5.805555555555556024e-01,1.000915097573802148e+00
5.833333333333333703e-01,1.000585972159174553e+00
5.861111111111111382e-01,1.000750534866450714e+00
5.888888888888889062e-01,-1.003620312771881906e+00
5.916666666666666741e-01,-1.004607687438581420e+00
5.944444444444444420e-01,-1.004443124994051306e+00
5.972222222222222099e-01,-1.004607687438581420e+00
5.999999999999999778e-01,1.000585972159174553e+00
6.027777777777777457e-01,1.000915097573802148e+00
6.055555555555556246e-01,1.001079660281228634e+00
6.083333333333333925e-01,1.000915097573802148e+00
6.111111111111111605e-01,-1.004607687438581420e+00
6.138888888888889284e-01,-1.004772249883143509e+00
6.166666666666666963e-01,-1.004772249883143509e+00
6.194444444444444642e-01,1.000750534866450714e+00
6.222222222222222321e-01,1.000585972159174553e+00
6.250000000000000000e-01,1.001079660281228634e+00
6.277777777777777679e-01,1.000915097573802148e+00
6.305555555555555358e-01,-1.004443124994051306e+00
6.333333333333333037e-01,-1.004443124994051306e+00
6.361111111111111827e-01,-1.004607687438581420e+00
6.388888888888889506e-01,9.997631586239219548e-01
6.416666666666667185e-01,1.000585972159174553e+00
6.444444444444444864e-01,1.000915097573802148e+00
6.472222222222222543e-01,1.000750534866450714e+00
6.500000000000000222e-01,-1.004607687438581420e+00
6.527777777777777901e-01,-1.004607687438581420e+00
6.555555555555555580e-01,-1.004607687438581420e+00
6.583333333333333259e-01,-1.004443124994051306e+00
6.611111111111110938e-01,1.000750534866450714e+00
6.638888888888888618e-01,1.000421409451973664e+00
6.666666666666667407e-01,1.000750534866450714e+00
6.694444444444445086e-01,-1.004278562549553389e+00
6.722222222222222765e-01,-1.004443124994051306e+00
6.750000000000000444e-01,-1.004936812327738016e+00
6.777777777777778123e-01,-1.004607687438581420e+00
6.805555555555555802e-01,1.000421409451973664e+00
6.833333333333333481e-01,1.000421409451973664e+00
6.861111111111111160e-01,1.000585972159174553e+00
6.888888888888888840e-01,-1.003949437660653476e+00
6.916666666666666519e-01,-1.004772249883143509e+00
6.944444444444444198e-01,-1.004607687438581420e+00
6.972222222222222987e-01,-1.004443124994051306e+00
7.000000000000000666e-01,1.000750534866450714e+00
7.027777777777778345e-01,1.000585972159174553e+00
7.055555555555556024e-01,1.000750534866450714e+00
7.083333333333333703e-01,1.000585972159174553e+00
7.111111111111111382e-01,-1.004607687438581420e+00
7.138888888888889062e-01,-1.004607687438581420e+00
7.166666666666666741e-01,-1.004607687438581420e+00
7.194444444444444420e-01,1.000585972159174553e+00
7.222222222222222099e-01,1.000585972159174553e+00
7.249999999999999778e-01,1.000585972159174553e+00
7.277777777777778567e-01,1.000585972159174553e+00
7.305555555555556246e-01,-1.004607687438581420e+00
7.333333333333333925e-01,-1.004936812327738016e+00
7.361111111111111605e-01,-1.004607687438581420e+00
7.388888888888889284e-01,1.000092284037797485e+00
7.416666666666666963e-01,1.000750534866450714e+00
7.444444444444444642e-01,1.000915097573802148e+00
7.472222222222222321e-01,1.000750534866450714e+00
7.500000000000000000e-01,-1.004772249883143509e+00
7.527777777777777679e-01,-1.004607687438581420e+00
7.555555555555555358e-01,-1.004607687438581420e+00
7.583333333333334147e-01,-1.004936812327738016e+00
7.611111111111111827e-01,1.000750534866450714e+00
7.638888888888889506e-01,1.000585972159174553e+00
7.666666666666667185e-01,1.000750534866450714e+00
7.694444444444444864e-01,-1.004443124994051306e+00
7.722222222222222543e-01,-1.004443124994051306e+00
7.750000000000000222e-01,-1.004443124994051306e+00
7.777777777777777901e-01,-1.004772249883143509e+00
7.805555555555555580e-01,1.000421409451973664e+00
7.833333333333333259e-01,1.000585972159174553e+00
7.861111111111110938e-01,1.000750534866450714e+00
7.888888888888889728e-01,-1.003455750327544083e+00
7.916666666666667407e-01,-1.004772249883143509e+00
7.944444444444445086e-01,-1.004772249883143509e+00
7.972222222222222765e-01,-1.004607687438581420e+00
8.000000000000000444e-01,1.000585972159174553e+00
8.027777777777778123e-01,1.000750534866450714e+00
8.055555555555555802e-01,1.000585972159174553e+00
8.083333333333333481e-01,1.000750534866450714e+00
8.111111111111111160e-01,-1.004278562549553389e+00
8.138888888888888840e-01,-1.004772249883143509e+00
8.166666666666666519e-01,-1.004607687438581420e+00
8.194444444444445308e-01,1.000585972159174553e+00
8.222222222222222987e-01,1.000585972159174553e+00
8.250000000000000666e-01,1.000915097573802148e+00
8.277777777777778345e-01,1.000915097573802148e+00
8.305555555555556024e-01,-1.004607687438581420e+00
8.333333333333333703e-01,-1.004607687438581420e+00
8.361111111111111382e-01,-1.004607687438581420e+00
8.388888888888889062e-01,1.000092284037797485e+00
8.416666666666666741e-01,1.000585972159174553e+00
8.444444444444444420e-01,1.000750534866450714e+00
8.472222222222222099e-01,1.000915097573802148e+00
8.499999999999999778e-01,-1.004607687438581420e+00
8.527777777777778567e-01,-1.004278562549553389e+00
8.555555555555556246e-01,-1.004607687438581420e+00
8.583333333333333925e-01,-1.004443124994051306e+00
8.611111111111111605e-01,1.000915097573802148e+00
8.638888888888889284e-01,1.000585972159174553e+00
8.666666666666666963e-01,1.000585972159174553e+00
8.694444444444444642e-01,-1.004278562549553389e+00
8.722222222222222321e-01,-1.004443124994051306e+00
8.750000000000000000e-01,-1.004443124994051306e+00
8.777777777777777679e-01,-1.004772249883143509e+00
8.805555555555555358e-01,1.000421409451973664e+00
8.833333333333334147e-01,1.000915097573802148e+00
8.861111111111111827e-01,1.000915097573802148e+00
8.888888888888889506e-01,-1.003949437660653476e+00
8.916666666666667185e-01,-1.004772249883143509e+00
8.944444444444444864e-01,-1.004607687438581420e+00
8.972222222222222543e-01,-1.004772249883143509e+00
9.000000000000000222e-01,1.000585972159174553e+00
9.027777777777777901e-01,1.000585972159174553e+00
9.055555555555555580e-01,1.000256846744848049e+00
9.083333333333333259e-01,1.000585972159174553e+00
9.111111111111110938e-01,-1.004607687438581420e+00
9.138888888888889728e-01,-1.004936812327738016e+00
9.166666666666667407e-01,-1.004772249883143509e+00
9.194444444444445086e-01,1.000421409451973664e+00
9.222222222222222765e-01,1.000421409451973664e+00
9.250000000000000444e-01,1.000585972159174553e+00
9.277777777777778123e-01,1.000585972159174553e+00
9.305555555555555802e-01,-1.004772249883143509e+00
9.333333333333333481e-01,-1.004772249883143509e+00
9.361111111111111160e-01,-1.004607687438581420e+00
9.388888888888888840e-01,9.995985959170969881e-01
9.416666666666666519e-01,1.000585972159174553e+00
9.444444444444445308e-01,1.000750534866450714e+00
9.472222222222222987e-01,1.000915097573802148e+00
9.500000000000000666e-01,-1.004278562549553389e+00
9.527777777777778345e-01,-1.004772249883143509e+00
9.555555555555556024e-01,-1.004443124994051306e+00
9.583333333333333703e-01,-1.004772249883143509e+00
9.611111111111111382e-01,1.000585972159174553e+00
9.638888888888889062e-01,1.000585972159174553e+00
9.666666666666666741e-01,1.000750534866450714e+00
9.694444444444444420e-01,-1.004443124994051306e+00
9.722222222222222099e-01,-1.004607687438581420e+00
9.750000000000000888e-01,-1.004607687438581420e+00
9.777777777777778567e-01,-1.004772249883143509e+00
9.805555555555556246e-01,1.000256846744848049e+00
9.833333333333333925e-01,1.000915097573802148e+00
9.861111111111111605e-01,1.000750534866450714e+00
9.888888888888889284e-01,-1.003784875216251704e+00
9.916666666666666963e-01,-1.004443124994051306e+00
9.944444444444444642e-01,-1.004772249883143509e+00
9.972222222222222321e-01,-1.004772249883143509e+00
# Medimos aliasing. Entrada = cuadrada 2Vpp 50Hz. Variando frecuencia de sampleo de a 10 Hz entre 10 Hz y 500 Hz.
