# tiempo (s), tension (V)
0.000000000000000000e+00,1.001079660281228634e+00
2.127659574468085141e-03,1.000915097573802148e+00
4.255319148936170283e-03,-1.004114000105087445e+00
6.382978723404255858e-03,-1.004443124994051306e+00
8.510638297872340566e-03,-1.004443124994051306e+00
1.063829787234042527e-02,-1.004772249883143509e+00
1.276595744680851172e-02,-1.004443124994051306e+00
1.489361702127659642e-02,1.000750534866450714e+00
1.702127659574468113e-02,1.000750534866450714e+00
1.914893617021276584e-02,1.000915097573802148e+00
2.127659574468085055e-02,1.000915097573802148e+00
2.340425531914893525e-02,-1.003291187883238456e+00
2.553191489361702343e-02,-1.004607687438581420e+00
2.765957446808510814e-02,-1.004607687438581420e+00
2.978723404255319285e-02,-1.004772249883143509e+00
3.191489361702127409e-02,-1.004607687438581420e+00
3.404255319148936226e-02,1.000585972159174553e+00
3.617021276595745044e-02,1.001079660281228634e+00
3.829787234042553168e-02,1.000750534866450714e+00
4.042553191489361986e-02,1.000915097573802148e+00
4.255319148936170109e-02,1.000750534866450714e+00
4.468085106382978927e-02,-1.004607687438581420e+00
4.680851063829787051e-02,-1.004607687438581420e+00
4.893617021276595869e-02,-1.004443124994051306e+00
5.106382978723404686e-02,-1.004607687438581420e+00
5.319148936170212810e-02,9.982820942652018692e-01
5.531914893617021628e-02,1.000585972159174553e+00
5.744680851063829752e-02,1.000750534866450714e+00
5.957446808510638570e-02,1.000915097573802148e+00
6.170212765957446693e-02,1.000750534866450714e+00
6.382978723404254817e-02,-1.003784875216251704e+00
6.595744680851063635e-02,-1.004772249883143509e+00
6.808510638297872453e-02,-1.004772249883143509e+00
7.021276595744681270e-02,-1.004607687438581420e+00
7.234042553191490088e-02,-1.004443124994051306e+00
7.446808510638297518e-02,1.000915097573802148e+00
7.659574468085106336e-02,1.000915097573802148e+00
7.872340425531915153e-02,1.000915097573802148e+00
8.085106382978723971e-02,1.000585972159174553e+00
8.297872340425531401e-02,1.000750534866450714e+00
8.510638297872340219e-02,-1.004443124994051306e+00
8.723404255319149037e-02,-1.004443124994051306e+00
8.936170212765957854e-02,-1.004443124994051306e+00
9.148936170212766672e-02,-1.004443124994051306e+00
9.361702127659574102e-02,9.997631586239219548e-01
9.574468085106382920e-02,1.000750534866450714e+00
9.787234042553191737e-02,1.000915097573802148e+00
1.000000000000000056e-01,1.000915097573802148e+00
1.021276595744680937e-01,1.000915097573802148e+00
1.042553191489361680e-01,-1.004114000105087445e+00
1.063829787234042562e-01,-1.004772249883143509e+00
1.085106382978723444e-01,-1.004443124994051306e+00
1.106382978723404326e-01,-1.004772249883143509e+00
1.127659574468085069e-01,-1.004278562549553389e+00
1.148936170212765950e-01,1.000256846744848049e+00
1.170212765957446832e-01,1.000585972159174553e+00
1.191489361702127714e-01,1.000585972159174553e+00
1.212765957446808596e-01,1.000750534866450714e+00
1.234042553191489339e-01,-1.003291187883238456e+00
1.255319148936170359e-01,-1.004607687438581420e+00
1.276595744680850963e-01,-1.004936812327738016e+00
1.297872340425531845e-01,-1.004443124994051306e+00
1.319148936170212727e-01,-1.004607687438581420e+00
1.340425531914893609e-01,1.000421409451973664e+00
1.361702127659574491e-01,1.000915097573802148e+00
1.382978723404255372e-01,1.000585972159174553e+00
1.404255319148936254e-01,1.000915097573802148e+00
1.425531914893617136e-01,1.000585972159174553e+00
1.446808510638298018e-01,-1.004278562549553389e+00
1.468085106382978622e-01,-1.004443124994051306e+00
1.489361702127659504e-01,-1.004772249883143509e+00
1.510638297872340385e-01,-1.004443124994051306e+00
1.531914893617021267e-01,9.977884061469804999e-01
1.553191489361702149e-01,1.000915097573802148e+00
1.574468085106383031e-01,1.000750534866450714e+00
1.595744680851063912e-01,1.000585972159174553e+00
1.617021276595744794e-01,1.000750534866450714e+00
1.638297872340425676e-01,-1.004278562549553389e+00
1.659574468085106280e-01,-1.004772249883143509e+00
1.680851063829787162e-01,-1.004443124994051306e+00
1.702127659574468044e-01,-1.004607687438581420e+00
1.723404255319148926e-01,-1.004607687438581420e+00
1.744680851063829807e-01,1.000585972159174553e+00
1.765957446808510689e-01,1.000915097573802148e+00
1.787234042553191571e-01,1.000421409451973664e+00
1.808510638297872453e-01,1.000256846744848049e+00
1.829787234042553334e-01,1.000915097573802148e+00
1.851063829787233939e-01,-1.004607687438581420e+00
1.872340425531914820e-01,-1.004443124994051306e+00
1.893617021276595702e-01,-1.004607687438581420e+00
1.914893617021276584e-01,-1.004772249883143509e+00
1.936170212765957466e-01,9.999277213308220835e-01
1.957446808510638347e-01,1.000585972159174553e+00
1.978723404255319229e-01,1.000750534866450714e+00
2.000000000000000111e-01,1.000915097573802148e+00
2.021276595744680993e-01,1.000750534866450714e+00
2.042553191489361875e-01,-1.004278562549553389e+00
2.063829787234042479e-01,-1.004772249883143509e+00
2.085106382978723361e-01,-1.004607687438581420e+00
2.106382978723404242e-01,-1.004278562549553389e+00
2.127659574468085124e-01,-1.004607687438581420e+00
2.148936170212766006e-01,1.000585972159174553e+00
2.170212765957446888e-01,1.000585972159174553e+00
2.191489361702127769e-01,1.000750534866450714e+00
2.212765957446808651e-01,1.000750534866450714e+00
2.234042553191489533e-01,-1.003291187883238456e+00
2.255319148936170137e-01,-1.004772249883143509e+00
2.276595744680851019e-01,-1.004607687438581420e+00
2.297872340425531901e-01,-1.004607687438581420e+00
2.319148936170212782e-01,-1.004772249883143509e+00
2.340425531914893664e-01,1.000256846744848049e+00
2.361702127659574546e-01,1.000750534866450714e+00
2.382978723404255428e-01,1.000915097573802148e+00
2.404255319148936310e-01,1.000915097573802148e+00
2.425531914893617191e-01,1.000750534866450714e+00
2.446808510638297796e-01,-1.004278562549553389e+00
2.468085106382978677e-01,-1.004607687438581420e+00
2.489361702127659559e-01,-1.004443124994051306e+00
2.510638297872340718e-01,-1.004607687438581420e+00
2.531914893617021045e-01,9.977884061469804999e-01
2.553191489361701927e-01,1.000750534866450714e+00
2.574468085106382809e-01,1.000915097573802148e+00
2.595744680851063690e-01,1.000750534866450714e+00
2.617021276595744572e-01,1.000585972159174553e+00
2.638297872340425454e-01,-1.003949437660653476e+00
2.659574468085106336e-01,-1.004772249883143509e+00
2.680851063829787218e-01,-1.004278562549553389e+00
2.702127659574468099e-01,-1.004772249883143509e+00
2.723404255319148981e-01,-1.004607687438581420e+00
2.744680851063829863e-01,1.000256846744848049e+00
2.765957446808510745e-01,1.000750534866450714e+00
2.787234042553191626e-01,1.000421409451973664e+00
2.808510638297872508e-01,1.000585972159174553e+00
2.829787234042553390e-01,1.000750534866450714e+00
2.851063829787234272e-01,-1.004607687438581420e+00
2.872340425531915153e-01,-1.004443124994051306e+00
2.893617021276596035e-01,-1.004607687438581420e+00
2.914893617021276917e-01,-1.004278562549553389e+00
2.936170212765957244e-01,9.999277213308220835e-01
2.957446808510638125e-01,1.000421409451973664e+00
2.978723404255319007e-01,1.000421409451973664e+00
2.999999999999999889e-01,1.000750534866450714e+00
3.021276595744680771e-01,1.000750534866450714e+00
3.042553191489361653e-01,-1.004607687438581420e+00
3.063829787234042534e-01,-1.004607687438581420e+00
3.085106382978723416e-01,-1.004443124994051306e+00
3.106382978723404298e-01,-1.004607687438581420e+00
3.127659574468085180e-01,-1.004607687438581420e+00
3.148936170212766061e-01,1.000750534866450714e+00
3.170212765957446943e-01,1.000915097573802148e+00
3.191489361702127825e-01,1.000750534866450714e+00
3.212765957446808707e-01,1.000915097573802148e+00
3.234042553191489588e-01,-1.002962062994723125e+00
3.255319148936170470e-01,-1.004607687438581420e+00
3.276595744680851352e-01,-1.004607687438581420e+00
3.297872340425532234e-01,-1.004443124994051306e+00
3.319148936170212560e-01,-1.004772249883143509e+00
3.340425531914893442e-01,1.000256846744848049e+00
3.361702127659574324e-01,1.000750534866450714e+00
3.382978723404255206e-01,1.000750534866450714e+00
3.404255319148936088e-01,1.000915097573802148e+00
3.425531914893616969e-01,1.000585972159174553e+00
3.446808510638297851e-01,-1.004114000105087445e+00
3.468085106382978733e-01,-1.004607687438581420e+00
3.489361702127659615e-01,-1.004607687438581420e+00
3.510638297872340496e-01,-1.004443124994051306e+00
3.531914893617021378e-01,9.977884061469804999e-01
3.553191489361702260e-01,1.000915097573802148e+00
3.574468085106383142e-01,1.000915097573802148e+00
3.595744680851064023e-01,1.000750534866450714e+00
3.617021276595744905e-01,1.000915097573802148e+00
3.638297872340425787e-01,-1.003949437660653476e+00
3.659574468085106669e-01,-1.004443124994051306e+00
3.680851063829787551e-01,-1.004443124994051306e+00
3.702127659574467877e-01,-1.004443124994051306e+00
3.723404255319148759e-01,-1.004607687438581420e+00
3.744680851063829641e-01,1.000585972159174553e+00
3.765957446808510523e-01,1.000915097573802148e+00
3.787234042553191404e-01,1.000585972159174553e+00
3.808510638297872286e-01,1.000750534866450714e+00
3.829787234042553168e-01,1.001079660281228634e+00
3.851063829787234050e-01,-1.004607687438581420e+00
3.872340425531914931e-01,-1.004607687438581420e+00
3.893617021276595813e-01,-1.004607687438581420e+00
3.914893617021276695e-01,-1.004443124994051306e+00
3.936170212765957577e-01,1.000092284037797485e+00
3.957446808510638459e-01,1.000915097573802148e+00
3.978723404255319340e-01,1.000585972159174553e+00
4.000000000000000222e-01,1.000585972159174553e+00
4.021276595744681104e-01,1.000585972159174553e+00
4.042553191489361986e-01,-1.004607687438581420e+00
4.063829787234042867e-01,-1.004607687438581420e+00
4.085106382978723749e-01,-1.004936812327738016e+00
4.106382978723404076e-01,-1.004607687438581420e+00
4.127659574468084958e-01,-1.004772249883143509e+00
4.148936170212765839e-01,1.000750534866450714e+00
4.170212765957446721e-01,1.000421409451973664e+00
4.191489361702127603e-01,1.000585972159174553e+00
4.212765957446808485e-01,1.000585972159174553e+00
4.234042553191489366e-01,-1.003126625438964803e+00
4.255319148936170248e-01,-1.004607687438581420e+00
4.276595744680851130e-01,-1.004278562549553389e+00
4.297872340425532012e-01,-1.004443124994051306e+00
4.319148936170212894e-01,-1.004772249883143509e+00
4.340425531914893775e-01,1.000421409451973664e+00
4.361702127659574657e-01,1.000585972159174553e+00
4.382978723404255539e-01,1.000585972159174553e+00
4.404255319148936421e-01,1.000750534866450714e+00
4.425531914893617302e-01,1.000421409451973664e+00
4.446808510638298184e-01,-1.004607687438581420e+00
4.468085106382979066e-01,-1.004607687438581420e+00
4.489361702127659393e-01,-1.004772249883143509e+00
4.510638297872340274e-01,-1.004936812327738016e+00
4.531914893617021156e-01,9.977884061469804999e-01
4.553191489361702038e-01,1.000915097573802148e+00
4.574468085106382920e-01,1.000750534866450714e+00
4.595744680851063801e-01,1.000585972159174553e+00
4.617021276595744683e-01,1.000915097573802148e+00
4.638297872340425565e-01,-1.003784875216251704e+00
4.659574468085106447e-01,-1.004443124994051306e+00
4.680851063829787329e-01,-1.004443124994051306e+00
4.702127659574468210e-01,-1.004607687438581420e+00
4.723404255319149092e-01,-1.004772249883143509e+00
4.744680851063829974e-01,1.000585972159174553e+00
4.765957446808510856e-01,1.000585972159174553e+00
4.787234042553191737e-01,1.000585972159174553e+00
4.808510638297872619e-01,1.000585972159174553e+00
4.829787234042553501e-01,1.000585972159174553e+00
4.851063829787234383e-01,-1.004443124994051306e+00
4.872340425531914709e-01,-1.004772249883143509e+00
4.893617021276595591e-01,-1.004443124994051306e+00
4.914893617021276473e-01,-1.004443124994051306e+00
4.936170212765957355e-01,1.000092284037797485e+00
4.957446808510638236e-01,1.000750534866450714e+00
4.978723404255319118e-01,1.000750534866450714e+00
5.000000000000000000e-01,1.000585972159174553e+00
5.021276595744681437e-01,1.000915097573802148e+00
5.042553191489361764e-01,-1.004443124994051306e+00
5.063829787234042090e-01,-1.004772249883143509e+00
5.085106382978723527e-01,-1.004443124994051306e+00
5.106382978723403854e-01,-1.004772249883143509e+00
5.127659574468085291e-01,-1.004443124994051306e+00
5.148936170212765617e-01,1.001079660281228634e+00
5.170212765957447054e-01,1.000585972159174553e+00
5.191489361702127381e-01,1.000750534866450714e+00
5.212765957446808818e-01,1.000750534866450714e+00
5.234042553191489144e-01,-1.002962062994723125e+00
5.255319148936170581e-01,-1.004443124994051306e+00
5.276595744680850908e-01,-1.004607687438581420e+00
5.297872340425532345e-01,-1.004607687438581420e+00
5.319148936170212671e-01,-1.004443124994051306e+00
5.340425531914894108e-01,1.000421409451973664e+00
5.361702127659574435e-01,1.000585972159174553e+00
5.382978723404255872e-01,1.000915097573802148e+00
5.404255319148936199e-01,1.000585972159174553e+00
5.425531914893617635e-01,1.000915097573802148e+00
5.446808510638297962e-01,-1.004278562549553389e+00
5.468085106382978289e-01,-1.004772249883143509e+00
5.489361702127659726e-01,-1.004443124994051306e+00
5.510638297872340052e-01,-1.004936812327738016e+00
5.531914893617021489e-01,9.981175315590530284e-01
5.553191489361701816e-01,1.000421409451973664e+00
5.574468085106383253e-01,1.000421409451973664e+00
5.595744680851063579e-01,1.000585972159174553e+00
5.617021276595745016e-01,1.000750534866450714e+00
5.638297872340425343e-01,-1.004114000105087445e+00
5.659574468085106780e-01,-1.004443124994051306e+00
5.680851063829787106e-01,-1.004936812327738016e+00
5.702127659574468543e-01,-1.004607687438581420e+00
5.723404255319148870e-01,-1.004936812327738016e+00
5.744680851063830307e-01,1.000915097573802148e+00
5.765957446808510634e-01,1.000421409451973664e+00
5.787234042553192070e-01,1.000915097573802148e+00
5.808510638297872397e-01,1.000750534866450714e+00
5.829787234042553834e-01,1.000915097573802148e+00
5.851063829787234161e-01,-1.004443124994051306e+00
5.872340425531914487e-01,-1.004443124994051306e+00
5.893617021276595924e-01,-1.004607687438581420e+00
5.914893617021276251e-01,-1.004607687438581420e+00
5.936170212765957688e-01,9.999277213308220835e-01
5.957446808510638014e-01,1.000585972159174553e+00
5.978723404255319451e-01,1.000915097573802148e+00
5.999999999999999778e-01,1.000421409451973664e+00
6.021276595744681215e-01,1.000585972159174553e+00
6.042553191489361541e-01,-1.004443124994051306e+00
6.063829787234042978e-01,-1.004607687438581420e+00
6.085106382978723305e-01,-1.004607687438581420e+00
6.106382978723404742e-01,-1.004443124994051306e+00
6.127659574468085069e-01,-1.004443124994051306e+00
6.148936170212766505e-01,1.000585972159174553e+00
6.170212765957446832e-01,1.000750534866450714e+00
6.191489361702128269e-01,1.000585972159174553e+00
6.212765957446808596e-01,1.000585972159174553e+00
6.234042553191488922e-01,-1.003126625438964803e+00
6.255319148936170359e-01,-1.004443124994051306e+00
6.276595744680850686e-01,-1.004772249883143509e+00
6.297872340425532123e-01,-1.004607687438581420e+00
6.319148936170212449e-01,-1.004607687438581420e+00
6.340425531914893886e-01,1.000256846744848049e+00
6.361702127659574213e-01,1.000585972159174553e+00
6.382978723404255650e-01,1.000750534866450714e+00
6.404255319148935977e-01,1.000750534866450714e+00
6.425531914893617413e-01,1.000585972159174553e+00
6.446808510638297740e-01,-1.004443124994051306e+00
6.468085106382979177e-01,-1.004443124994051306e+00
6.489361702127659504e-01,-1.004114000105087445e+00
6.510638297872340940e-01,-1.004607687438581420e+00
6.531914893617021267e-01,9.981175315590530284e-01
6.553191489361702704e-01,1.000585972159174553e+00
6.574468085106383031e-01,1.000750534866450714e+00
6.595744680851064468e-01,1.000585972159174553e+00
6.617021276595744794e-01,1.000750534866450714e+00
6.638297872340425121e-01,-1.004114000105087445e+00
6.659574468085106558e-01,-1.004443124994051306e+00
6.680851063829786884e-01,-1.004772249883143509e+00
6.702127659574468321e-01,-1.004607687438581420e+00
6.723404255319148648e-01,-1.004607687438581420e+00
6.744680851063830085e-01,1.000585972159174553e+00
6.765957446808510412e-01,1.000585972159174553e+00
6.787234042553191848e-01,1.000585972159174553e+00
6.808510638297872175e-01,1.000750534866450714e+00
6.829787234042553612e-01,1.000585972159174553e+00
6.851063829787233939e-01,-1.004607687438581420e+00
6.872340425531915376e-01,-1.004607687438581420e+00
6.893617021276595702e-01,-1.004443124994051306e+00
6.914893617021277139e-01,-1.004607687438581420e+00
6.936170212765957466e-01,9.997631586239219548e-01
6.957446808510638903e-01,1.000750534866450714e+00
6.978723404255319229e-01,1.000421409451973664e+00
7.000000000000000666e-01,1.000750534866450714e+00
7.021276595744680993e-01,1.000256846744848049e+00
7.042553191489361319e-01,-1.004114000105087445e+00
7.063829787234042756e-01,-1.004772249883143509e+00
7.085106382978723083e-01,-1.004607687438581420e+00
7.106382978723404520e-01,-1.004936812327738016e+00
7.127659574468084847e-01,-1.004607687438581420e+00
7.148936170212766283e-01,1.000092284037797485e+00
7.170212765957446610e-01,1.000421409451973664e+00
7.191489361702128047e-01,1.000421409451973664e+00
7.212765957446808374e-01,1.001079660281228634e+00
7.234042553191489811e-01,-1.003126625438964803e+00
7.255319148936170137e-01,-1.004443124994051306e+00
7.276595744680851574e-01,-1.004607687438581420e+00
7.297872340425531901e-01,-1.004607687438581420e+00
7.319148936170213338e-01,-1.004607687438581420e+00
7.340425531914893664e-01,1.000421409451973664e+00
7.361702127659575101e-01,1.000585972159174553e+00
7.382978723404255428e-01,1.000585972159174553e+00
7.404255319148935754e-01,1.000585972159174553e+00
7.425531914893617191e-01,1.000585972159174553e+00
7.446808510638297518e-01,-1.004607687438581420e+00
7.468085106382978955e-01,-1.004607687438581420e+00
7.489361702127659282e-01,-1.004607687438581420e+00
7.510638297872340718e-01,-1.004936812327738016e+00
7.531914893617021045e-01,9.979529688529791276e-01
7.553191489361702482e-01,1.000915097573802148e+00
7.574468085106382809e-01,1.000915097573802148e+00
7.595744680851064246e-01,1.000585972159174553e+00
7.617021276595744572e-01,1.000750534866450714e+00
7.638297872340426009e-01,-1.003949437660653476e+00
7.659574468085106336e-01,-1.004607687438581420e+00
7.680851063829787773e-01,-1.004607687438581420e+00
7.702127659574468099e-01,-1.004443124994051306e+00
7.723404255319149536e-01,-1.004607687438581420e+00
7.744680851063829863e-01,1.000421409451973664e+00
7.765957446808511300e-01,1.000750534866450714e+00
7.787234042553191626e-01,1.000915097573802148e+00
7.808510638297871953e-01,1.000750534866450714e+00
7.829787234042553390e-01,1.000750534866450714e+00
7.851063829787233717e-01,-1.004443124994051306e+00
7.872340425531915153e-01,-1.004772249883143509e+00
7.893617021276595480e-01,-1.004772249883143509e+00
7.914893617021276917e-01,-1.004443124994051306e+00
7.936170212765957244e-01,1.000092284037797485e+00
7.957446808510638681e-01,1.000915097573802148e+00
7.978723404255319007e-01,1.000915097573802148e+00
8.000000000000000444e-01,1.000750534866450714e+00
8.021276595744680771e-01,1.000750534866450714e+00
8.042553191489362208e-01,-1.004278562549553389e+00
8.063829787234042534e-01,-1.004607687438581420e+00
8.085106382978723971e-01,-1.004443124994051306e+00
8.106382978723404298e-01,-1.004772249883143509e+00
8.127659574468085735e-01,-1.004607687438581420e+00
8.148936170212766061e-01,1.000585972159174553e+00
8.170212765957447498e-01,1.000915097573802148e+00
8.191489361702127825e-01,1.000750534866450714e+00
8.212765957446808152e-01,1.000750534866450714e+00
8.234042553191489588e-01,-1.003291187883238456e+00
8.255319148936169915e-01,-1.004443124994051306e+00
8.276595744680851352e-01,-1.004607687438581420e+00
8.297872340425531679e-01,-1.004443124994051306e+00
8.319148936170213116e-01,-1.004607687438581420e+00
8.340425531914893442e-01,1.000750534866450714e+00
8.361702127659574879e-01,1.000585972159174553e+00
8.382978723404255206e-01,1.001079660281228634e+00
8.404255319148936643e-01,1.000750534866450714e+00
8.425531914893616969e-01,1.000915097573802148e+00
8.446808510638298406e-01,-1.004936812327738016e+00
8.468085106382978733e-01,-1.004607687438581420e+00
8.489361702127660170e-01,-1.004607687438581420e+00
8.510638297872340496e-01,-1.004607687438581420e+00
8.531914893617021933e-01,9.976238434410567013e-01
8.553191489361702260e-01,1.000585972159174553e+00
8.574468085106382587e-01,1.000585972159174553e+00
8.595744680851064023e-01,1.000915097573802148e+00
8.617021276595744350e-01,1.000585972159174553e+00
8.638297872340425787e-01,-1.003949437660653476e+00
8.659574468085106114e-01,-1.004607687438581420e+00
8.680851063829787551e-01,-1.004443124994051306e+00
8.702127659574467877e-01,-1.004607687438581420e+00
8.723404255319149314e-01,-1.004607687438581420e+00
8.744680851063829641e-01,1.000915097573802148e+00
8.765957446808511078e-01,1.000915097573802148e+00
8.787234042553191404e-01,1.000750534866450714e+00
8.808510638297872841e-01,1.000585972159174553e+00
8.829787234042553168e-01,1.000750534866450714e+00
8.851063829787234605e-01,-1.004607687438581420e+00
8.872340425531914931e-01,-1.004607687438581420e+00
8.893617021276596368e-01,-1.004607687438581420e+00
8.914893617021276695e-01,-1.004772249883143509e+00
8.936170212765958132e-01,9.999277213308220835e-01
8.957446808510638459e-01,1.000750534866450714e+00
8.978723404255318785e-01,1.000585972159174553e+00
9.000000000000000222e-01,1.000256846744848049e+00
9.021276595744680549e-01,1.000750534866450714e+00
9.042553191489361986e-01,-1.004278562549553389e+00
9.063829787234042312e-01,-1.004607687438581420e+00
9.085106382978723749e-01,-1.004607687438581420e+00
9.106382978723404076e-01,-1.004607687438581420e+00
9.127659574468085513e-01,-1.004607687438581420e+00
9.148936170212765839e-01,1.000750534866450714e+00
9.170212765957447276e-01,1.000915097573802148e+00
9.191489361702127603e-01,1.000750534866450714e+00
9.212765957446809040e-01,1.000585972159174553e+00
9.234042553191489366e-01,-1.003126625438964803e+00
9.255319148936170803e-01,-1.004607687438581420e+00
9.276595744680851130e-01,-1.004607687438581420e+00
9.297872340425532567e-01,-1.004607687438581420e+00
9.319148936170212894e-01,-1.004607687438581420e+00
9.340425531914893220e-01,1.000421409451973664e+00
9.361702127659574657e-01,1.000421409451973664e+00
9.382978723404254984e-01,1.000750534866450714e+00
9.404255319148936421e-01,1.000585972159174553e+00
9.425531914893616747e-01,1.000750534866450714e+00
9.446808510638298184e-01,-1.004278562549553389e+00
9.468085106382978511e-01,-1.004443124994051306e+00
9.489361702127659948e-01,-1.004607687438581420e+00
9.510638297872340274e-01,-1.004607687438581420e+00
9.531914893617021711e-01,9.979529688529791276e-01
9.553191489361702038e-01,1.000915097573802148e+00
9.574468085106383475e-01,1.000585972159174553e+00
9.595744680851063801e-01,1.000915097573802148e+00
9.617021276595745238e-01,1.000585972159174553e+00
9.638297872340425565e-01,-1.003949437660653476e+00
9.659574468085107002e-01,-1.004443124994051306e+00
9.680851063829787329e-01,-1.004607687438581420e+00
9.702127659574468765e-01,-1.004772249883143509e+00
9.723404255319149092e-01,-1.004443124994051306e+00
9.744680851063829419e-01,1.000585972159174553e+00
9.765957446808510856e-01,1.000915097573802148e+00
9.787234042553191182e-01,1.000915097573802148e+00
9.808510638297872619e-01,1.000915097573802148e+00
9.829787234042552946e-01,1.000750534866450714e+00
9.851063829787234383e-01,-1.004443124994051306e+00
9.872340425531914709e-01,-1.004936812327738016e+00
9.893617021276596146e-01,-1.004607687438581420e+00
9.914893617021276473e-01,-1.004936812327738016e+00
9.936170212765957910e-01,1.000256846744848049e+00
9.957446808510638236e-01,1.000256846744848049e+00
9.978723404255319673e-01,1.000750534866450714e+00
# Medimos aliasing. Entrada = cuadrada 2Vpp 50Hz. Variando frecuencia de sampleo de a 10 Hz entre 10 Hz y 500 Hz.
