# tiempo (s), tension (V)
0.000000000000000000e+00,-1.004443124994051306e+00
7.692307692307692735e-03,1.000915097573802148e+00
1.538461538461538547e-02,-1.004278562549553389e+00
2.307692307692307820e-02,-1.004607687438581420e+00
3.076923076923077094e-02,1.000915097573802148e+00
3.846153846153846367e-02,-1.004443124994051306e+00
4.615384615384615641e-02,1.000750534866450714e+00
5.384615384615384914e-02,1.000585972159174553e+00
6.153846153846154188e-02,-1.004443124994051306e+00
6.923076923076923461e-02,1.000585972159174553e+00
7.692307692307692735e-02,-1.004278562549553389e+00
8.461538461538462008e-02,9.981175315590530284e-01
9.230769230769231282e-02,1.000421409451973664e+00
1.000000000000000056e-01,-1.004772249883143509e+00
1.076923076923076983e-01,1.000750534866450714e+00
1.153846153846153910e-01,-1.004114000105087445e+00
1.230769230769230838e-01,-1.004278562549553389e+00
1.307692307692307765e-01,1.000585972159174553e+00
1.384615384615384692e-01,-1.004607687438581420e+00
1.461538461538461620e-01,1.000421409451973664e+00
1.538461538461538547e-01,1.000750534866450714e+00
1.615384615384615474e-01,-1.004278562549553389e+00
1.692307692307692402e-01,1.000915097573802148e+00
1.769230769230769329e-01,-1.004443124994051306e+00
1.846153846153846256e-01,9.982820942652018692e-01
1.923076923076923184e-01,1.000585972159174553e+00
2.000000000000000111e-01,-1.004607687438581420e+00
2.076923076923077038e-01,1.000750534866450714e+00
2.153846153846153966e-01,-1.004278562549553389e+00
2.230769230769230893e-01,-1.004443124994051306e+00
2.307692307692307820e-01,1.000585972159174553e+00
2.384615384615384748e-01,-1.004772249883143509e+00
2.461538461538461675e-01,1.000585972159174553e+00
2.538461538461538325e-01,1.000915097573802148e+00
2.615384615384615530e-01,-1.004278562549553389e+00
2.692307692307692735e-01,1.000915097573802148e+00
2.769230769230769384e-01,-1.004772249883143509e+00
2.846153846153846034e-01,9.977884061469804999e-01
2.923076923076923239e-01,1.000915097573802148e+00
3.000000000000000444e-01,-1.004443124994051306e+00
3.076923076923077094e-01,1.000750534866450714e+00
3.153846153846153744e-01,-1.004114000105087445e+00
3.230769230769230949e-01,-1.004607687438581420e+00
3.307692307692308153e-01,1.000585972159174553e+00
3.384615384615384803e-01,-1.004607687438581420e+00
3.461538461538461453e-01,1.000256846744848049e+00
3.538461538461538658e-01,1.000750534866450714e+00
3.615384615384615863e-01,-1.004607687438581420e+00
3.692307692307692513e-01,1.000585972159174553e+00
3.769230769230769162e-01,-1.004772249883143509e+00
3.846153846153846367e-01,9.982820942652018692e-01
3.923076923076923572e-01,1.000750534866450714e+00
4.000000000000000222e-01,-1.004443124994051306e+00
4.076923076923076872e-01,1.000750534866450714e+00
4.153846153846154077e-01,-1.004278562549553389e+00
4.230769230769231282e-01,-1.004936812327738016e+00
4.307692307692307931e-01,1.000421409451973664e+00
4.384615384615384581e-01,-1.004772249883143509e+00
4.461538461538461786e-01,1.000750534866450714e+00
4.538461538461538991e-01,1.000750534866450714e+00
4.615384615384615641e-01,-1.004607687438581420e+00
4.692307692307692291e-01,1.000421409451973664e+00
4.769230769230769496e-01,-1.004443124994051306e+00
4.846153846153846700e-01,9.979529688529791276e-01
4.923076923076923350e-01,1.000585972159174553e+00
5.000000000000000000e-01,-1.004936812327738016e+00
5.076923076923076650e-01,1.000750534866450714e+00
5.153846153846154410e-01,-1.004607687438581420e+00
5.230769230769231060e-01,-1.004772249883143509e+00
5.307692307692307709e-01,1.000750534866450714e+00
5.384615384615385469e-01,-1.004443124994051306e+00
5.461538461538462119e-01,1.000585972159174553e+00
5.538461538461538769e-01,1.000915097573802148e+00
5.615384615384615419e-01,-1.004607687438581420e+00
5.692307692307692069e-01,1.000915097573802148e+00
5.769230769230769829e-01,-1.004443124994051306e+00
5.846153846153846478e-01,9.979529688529791276e-01
5.923076923076923128e-01,1.000585972159174553e+00
6.000000000000000888e-01,-1.004607687438581420e+00
6.076923076923077538e-01,1.000585972159174553e+00
6.153846153846154188e-01,-1.004114000105087445e+00
6.230769230769230838e-01,-1.004443124994051306e+00
6.307692307692307487e-01,1.000750534866450714e+00
6.384615384615385247e-01,-1.004443124994051306e+00
6.461538461538461897e-01,1.000585972159174553e+00
6.538461538461538547e-01,1.000585972159174553e+00
6.615384615384616307e-01,-1.004772249883143509e+00
6.692307692307692957e-01,1.000421409451973664e+00
6.769230769230769607e-01,-1.004443124994051306e+00
6.846153846153846256e-01,9.982820942652018692e-01
6.923076923076922906e-01,1.000585972159174553e+00
7.000000000000000666e-01,-1.004936812327738016e+00
7.076923076923077316e-01,1.000750534866450714e+00
7.153846153846153966e-01,-1.004443124994051306e+00
7.230769230769231726e-01,-1.004443124994051306e+00
7.307692307692308376e-01,1.000750534866450714e+00
7.384615384615385025e-01,-1.004443124994051306e+00
7.461538461538461675e-01,1.000585972159174553e+00
7.538461538461538325e-01,1.000585972159174553e+00
7.615384615384616085e-01,-1.004443124994051306e+00
7.692307692307692735e-01,1.000585972159174553e+00
7.769230769230769384e-01,-1.004443124994051306e+00
7.846153846153847145e-01,9.979529688529791276e-01
7.923076923076923794e-01,1.000585972159174553e+00
8.000000000000000444e-01,-1.004607687438581420e+00
8.076923076923077094e-01,1.000421409451973664e+00
8.153846153846153744e-01,-1.004114000105087445e+00
8.230769230769231504e-01,-1.004772249883143509e+00
8.307692307692308153e-01,1.000750534866450714e+00
8.384615384615384803e-01,-1.004772249883143509e+00
8.461538461538462563e-01,1.000585972159174553e+00
8.538461538461539213e-01,1.000915097573802148e+00
8.615384615384615863e-01,-1.004278562549553389e+00
8.692307692307692513e-01,1.000750534866450714e+00
8.769230769230769162e-01,-1.004607687438581420e+00
8.846153846153846922e-01,9.977884061469804999e-01
8.923076923076923572e-01,1.000750534866450714e+00
9.000000000000000222e-01,-1.004443124994051306e+00
9.076923076923077982e-01,1.000750534866450714e+00
9.153846153846154632e-01,-1.004278562549553389e+00
9.230769230769231282e-01,-1.004443124994051306e+00
9.307692307692307931e-01,1.000585972159174553e+00
9.384615384615384581e-01,-1.004443124994051306e+00
9.461538461538462341e-01,1.000421409451973664e+00
9.538461538461538991e-01,1.000750534866450714e+00
9.615384615384615641e-01,-1.004278562549553389e+00
9.692307692307693401e-01,1.000585972159174553e+00
9.769230769230770051e-01,-1.004772249883143509e+00
9.846153846153846700e-01,9.984466569714258721e-01
9.923076923076923350e-01,1.000421409451973664e+00
# Medimos aliasing. Entrada = cuadrada 2Vpp 50Hz. Variando frecuencia de sampleo de a 10 Hz entre 10 Hz y 500 Hz.
