# tiempo (s), tension (V)
0.000000000000000000e+00,-1.004607687438581420e+00
3.333333333333333547e-03,1.000585972159174553e+00
6.666666666666667095e-03,-1.004607687438581420e+00
1.000000000000000021e-02,-1.004772249883143509e+00
1.333333333333333419e-02,1.000750534866450714e+00
1.666666666666666644e-02,-1.004936812327738016e+00
2.000000000000000042e-02,-1.004607687438581420e+00
2.333333333333333440e-02,1.000915097573802148e+00
2.666666666666666838e-02,-1.004278562549553389e+00
3.000000000000000236e-02,-1.004443124994051306e+00
3.333333333333333287e-02,1.001244222988730392e+00
3.666666666666666685e-02,-1.004607687438581420e+00
4.000000000000000083e-02,-1.004772249883143509e+00
4.333333333333333481e-02,1.000750534866450714e+00
4.666666666666666879e-02,-1.004772249883143509e+00
5.000000000000000278e-02,-1.004936812327738016e+00
5.333333333333333676e-02,1.000915097573802148e+00
5.666666666666667074e-02,-1.004607687438581420e+00
6.000000000000000472e-02,-1.004607687438581420e+00
6.333333333333333870e-02,1.000750534866450714e+00
6.666666666666666574e-02,-1.004607687438581420e+00
7.000000000000000666e-02,-1.004607687438581420e+00
7.333333333333333370e-02,1.000750534866450714e+00
7.666666666666667462e-02,-1.004607687438581420e+00
8.000000000000000167e-02,-1.004443124994051306e+00
8.333333333333334259e-02,1.000585972159174553e+00
8.666666666666666963e-02,-1.004607687438581420e+00
9.000000000000001055e-02,-1.004772249883143509e+00
9.333333333333333759e-02,1.000750534866450714e+00
9.666666666666667851e-02,-1.004278562549553389e+00
1.000000000000000056e-01,-1.004772249883143509e+00
1.033333333333333465e-01,1.000750534866450714e+00
1.066666666666666735e-01,-1.004443124994051306e+00
1.100000000000000006e-01,-1.004607687438581420e+00
1.133333333333333415e-01,1.000585972159174553e+00
1.166666666666666685e-01,-1.004443124994051306e+00
1.200000000000000094e-01,-1.004607687438581420e+00
1.233333333333333365e-01,1.000915097573802148e+00
1.266666666666666774e-01,-1.004443124994051306e+00
1.300000000000000044e-01,-1.004772249883143509e+00
1.333333333333333315e-01,1.000750534866450714e+00
1.366666666666666863e-01,-1.004443124994051306e+00
1.400000000000000133e-01,-1.004607687438581420e+00
1.433333333333333404e-01,1.000915097573802148e+00
1.466666666666666674e-01,-1.004278562549553389e+00
1.500000000000000222e-01,-1.004443124994051306e+00
1.533333333333333492e-01,1.000750534866450714e+00
1.566666666666666763e-01,-1.004278562549553389e+00
1.600000000000000033e-01,-1.004772249883143509e+00
1.633333333333333304e-01,1.000585972159174553e+00
1.666666666666666852e-01,-1.004443124994051306e+00
1.700000000000000122e-01,-1.004607687438581420e+00
1.733333333333333393e-01,1.000421409451973664e+00
1.766666666666666663e-01,-1.004443124994051306e+00
1.800000000000000211e-01,-1.004607687438581420e+00
1.833333333333333481e-01,1.001079660281228634e+00
1.866666666666666752e-01,-1.004443124994051306e+00
1.900000000000000022e-01,-1.004443124994051306e+00
1.933333333333333570e-01,1.000915097573802148e+00
1.966666666666666841e-01,-1.004607687438581420e+00
2.000000000000000111e-01,-1.004772249883143509e+00
2.033333333333333381e-01,1.000421409451973664e+00
2.066666666666666929e-01,-1.004443124994051306e+00
2.100000000000000200e-01,-1.004443124994051306e+00
2.133333333333333470e-01,1.000750534866450714e+00
2.166666666666666741e-01,-1.004772249883143509e+00
2.200000000000000011e-01,-1.004443124994051306e+00
2.233333333333333559e-01,1.000750534866450714e+00
2.266666666666666829e-01,-1.004443124994051306e+00
2.300000000000000100e-01,-1.004607687438581420e+00
2.333333333333333370e-01,1.000585972159174553e+00
2.366666666666666918e-01,-1.004114000105087445e+00
2.400000000000000189e-01,-1.004607687438581420e+00
2.433333333333333459e-01,1.000421409451973664e+00
2.466666666666666730e-01,-1.004443124994051306e+00
2.500000000000000000e-01,-1.004443124994051306e+00
2.533333333333333548e-01,1.000915097573802148e+00
2.566666666666667096e-01,-1.004443124994051306e+00
2.600000000000000089e-01,-1.004607687438581420e+00
2.633333333333333637e-01,1.000915097573802148e+00
2.666666666666666630e-01,-1.004278562549553389e+00
2.700000000000000178e-01,-1.004443124994051306e+00
2.733333333333333726e-01,1.000915097573802148e+00
2.766666666666666718e-01,-1.004443124994051306e+00
2.800000000000000266e-01,-1.004607687438581420e+00
2.833333333333333259e-01,1.000585972159174553e+00
2.866666666666666807e-01,-1.004443124994051306e+00
2.900000000000000355e-01,-1.004443124994051306e+00
2.933333333333333348e-01,1.000750534866450714e+00
2.966666666666666896e-01,-1.004443124994051306e+00
3.000000000000000444e-01,-1.004607687438581420e+00
3.033333333333333437e-01,1.000915097573802148e+00
3.066666666666666985e-01,-1.004607687438581420e+00
3.099999999999999978e-01,-1.004772249883143509e+00
3.133333333333333526e-01,1.000915097573802148e+00
3.166666666666667074e-01,-1.004278562549553389e+00
3.200000000000000067e-01,-1.004443124994051306e+00
3.233333333333333615e-01,1.000915097573802148e+00
3.266666666666666607e-01,-1.004443124994051306e+00
3.300000000000000155e-01,-1.004772249883143509e+00
3.333333333333333703e-01,1.000585972159174553e+00
3.366666666666666696e-01,-1.004607687438581420e+00
3.400000000000000244e-01,-1.004443124994051306e+00
3.433333333333333792e-01,1.000585972159174553e+00
3.466666666666666785e-01,-1.004607687438581420e+00
3.500000000000000333e-01,-1.004607687438581420e+00
3.533333333333333326e-01,1.000915097573802148e+00
3.566666666666666874e-01,-1.004443124994051306e+00
3.600000000000000422e-01,-1.004443124994051306e+00
3.633333333333333415e-01,1.000585972159174553e+00
3.666666666666666963e-01,-1.004278562549553389e+00
3.700000000000000511e-01,-1.004443124994051306e+00
3.733333333333333504e-01,1.000915097573802148e+00
3.766666666666667052e-01,-1.004443124994051306e+00
3.800000000000000044e-01,-1.004607687438581420e+00
3.833333333333333592e-01,1.000915097573802148e+00
3.866666666666667140e-01,-1.004607687438581420e+00
3.900000000000000133e-01,-1.004772249883143509e+00
3.933333333333333681e-01,1.000915097573802148e+00
3.966666666666666674e-01,-1.004772249883143509e+00
4.000000000000000222e-01,-1.004607687438581420e+00
4.033333333333333770e-01,1.001079660281228634e+00
4.066666666666666763e-01,-1.004772249883143509e+00
4.100000000000000311e-01,-1.004772249883143509e+00
4.133333333333333859e-01,1.000750534866450714e+00
4.166666666666666852e-01,-1.004443124994051306e+00
4.200000000000000400e-01,-1.004607687438581420e+00
4.233333333333333393e-01,1.000585972159174553e+00
4.266666666666666941e-01,-1.004443124994051306e+00
4.300000000000000488e-01,-1.004607687438581420e+00
4.333333333333333481e-01,1.000750534866450714e+00
4.366666666666667029e-01,-1.004278562549553389e+00
4.400000000000000022e-01,-1.004607687438581420e+00
4.433333333333333570e-01,1.000750534866450714e+00
4.466666666666667118e-01,-1.004278562549553389e+00
4.500000000000000111e-01,-1.004607687438581420e+00
4.533333333333333659e-01,1.001079660281228634e+00
4.566666666666667207e-01,-1.004936812327738016e+00
4.600000000000000200e-01,-1.004607687438581420e+00
4.633333333333333748e-01,1.001079660281228634e+00
4.666666666666666741e-01,-1.004114000105087445e+00
4.700000000000000289e-01,-1.004772249883143509e+00
4.733333333333333837e-01,1.000421409451973664e+00
4.766666666666666829e-01,-1.004772249883143509e+00
4.800000000000000377e-01,-1.004772249883143509e+00
4.833333333333333370e-01,1.001079660281228634e+00
4.866666666666666918e-01,-1.004607687438581420e+00
4.900000000000000466e-01,-1.004607687438581420e+00
4.933333333333333459e-01,1.000750534866450714e+00
4.966666666666667007e-01,-1.004443124994051306e+00
5.000000000000000000e-01,-1.004443124994051306e+00
5.033333333333334103e-01,1.000585972159174553e+00
5.066666666666667096e-01,-1.004278562549553389e+00
5.100000000000000089e-01,-1.004607687438581420e+00
5.133333333333334192e-01,1.000585972159174553e+00
5.166666666666667185e-01,-1.004278562549553389e+00
5.200000000000000178e-01,-1.004607687438581420e+00
5.233333333333333171e-01,1.000750534866450714e+00
5.266666666666667274e-01,-1.004607687438581420e+00
5.300000000000000266e-01,-1.004607687438581420e+00
5.333333333333333259e-01,1.000915097573802148e+00
5.366666666666667362e-01,-1.004278562549553389e+00
5.400000000000000355e-01,-1.004607687438581420e+00
5.433333333333333348e-01,1.000585972159174553e+00
5.466666666666667451e-01,-1.004443124994051306e+00
5.500000000000000444e-01,-1.004443124994051306e+00
5.533333333333333437e-01,1.000750534866450714e+00
5.566666666666667540e-01,-1.004443124994051306e+00
5.600000000000000533e-01,-1.004607687438581420e+00
5.633333333333333526e-01,1.000750534866450714e+00
5.666666666666666519e-01,-1.004278562549553389e+00
5.700000000000000622e-01,-1.004607687438581420e+00
5.733333333333333615e-01,1.000750534866450714e+00
5.766666666666666607e-01,-1.004443124994051306e+00
5.800000000000000711e-01,-1.004607687438581420e+00
5.833333333333333703e-01,1.000750534866450714e+00
5.866666666666666696e-01,-1.004607687438581420e+00
5.900000000000000799e-01,-1.004607687438581420e+00
5.933333333333333792e-01,1.000750534866450714e+00
5.966666666666666785e-01,-1.004114000105087445e+00
6.000000000000000888e-01,-1.004772249883143509e+00
6.033333333333333881e-01,1.000750534866450714e+00
6.066666666666666874e-01,-1.004607687438581420e+00
6.099999999999999867e-01,-1.004772249883143509e+00
6.133333333333333970e-01,1.000750534866450714e+00
6.166666666666666963e-01,-1.004443124994051306e+00
6.199999999999999956e-01,-1.004607687438581420e+00
6.233333333333334059e-01,1.000915097573802148e+00
6.266666666666667052e-01,-1.004607687438581420e+00
6.300000000000000044e-01,-1.004607687438581420e+00
6.333333333333334147e-01,1.000750534866450714e+00
6.366666666666667140e-01,-1.004443124994051306e+00
6.400000000000000133e-01,-1.004772249883143509e+00
6.433333333333334236e-01,1.001079660281228634e+00
6.466666666666667229e-01,-1.004443124994051306e+00
6.500000000000000222e-01,-1.004772249883143509e+00
6.533333333333333215e-01,1.000585972159174553e+00
6.566666666666667318e-01,-1.004443124994051306e+00
6.600000000000000311e-01,-1.004607687438581420e+00
6.633333333333333304e-01,1.001079660281228634e+00
6.666666666666667407e-01,-1.004443124994051306e+00
6.700000000000000400e-01,-1.004607687438581420e+00
6.733333333333333393e-01,1.000750534866450714e+00
6.766666666666667496e-01,-1.004278562549553389e+00
6.800000000000000488e-01,-1.004607687438581420e+00
6.833333333333333481e-01,1.000585972159174553e+00
6.866666666666667584e-01,-1.004443124994051306e+00
6.900000000000000577e-01,-1.004607687438581420e+00
6.933333333333333570e-01,1.000750534866450714e+00
6.966666666666666563e-01,-1.004443124994051306e+00
7.000000000000000666e-01,-1.004936812327738016e+00
7.033333333333333659e-01,1.000915097573802148e+00
7.066666666666666652e-01,-1.004443124994051306e+00
7.100000000000000755e-01,-1.004607687438581420e+00
7.133333333333333748e-01,1.001079660281228634e+00
7.166666666666666741e-01,-1.004772249883143509e+00
7.200000000000000844e-01,-1.004936812327738016e+00
7.233333333333333837e-01,1.000750534866450714e+00
7.266666666666666829e-01,-1.004278562549553389e+00
7.300000000000000933e-01,-1.004443124994051306e+00
7.333333333333333925e-01,1.000421409451973664e+00
7.366666666666666918e-01,-1.004443124994051306e+00
7.400000000000001021e-01,-1.004607687438581420e+00
7.433333333333334014e-01,1.000750534866450714e+00
7.466666666666667007e-01,-1.004607687438581420e+00
7.500000000000000000e-01,-1.004607687438581420e+00
7.533333333333334103e-01,1.001079660281228634e+00
7.566666666666667096e-01,-1.004607687438581420e+00
7.600000000000000089e-01,-1.004607687438581420e+00
7.633333333333334192e-01,1.000585972159174553e+00
7.666666666666667185e-01,-1.004443124994051306e+00
7.700000000000000178e-01,-1.004443124994051306e+00
7.733333333333334281e-01,1.000750534866450714e+00
7.766666666666667274e-01,-1.004443124994051306e+00
7.800000000000000266e-01,-1.004772249883143509e+00
7.833333333333334370e-01,1.000915097573802148e+00
7.866666666666667362e-01,-1.004278562549553389e+00
7.900000000000000355e-01,-1.004607687438581420e+00
7.933333333333333348e-01,1.001079660281228634e+00
7.966666666666667451e-01,-1.004443124994051306e+00
8.000000000000000444e-01,-1.004443124994051306e+00
8.033333333333333437e-01,1.000585972159174553e+00
8.066666666666667540e-01,-1.004278562549553389e+00
8.100000000000000533e-01,-1.004443124994051306e+00
8.133333333333333526e-01,1.000092284037797485e+00
8.166666666666667629e-01,-1.004607687438581420e+00
8.200000000000000622e-01,-1.004607687438581420e+00
8.233333333333333615e-01,1.000915097573802148e+00
8.266666666666667718e-01,-1.004443124994051306e+00
8.300000000000000711e-01,-1.004772249883143509e+00
8.333333333333333703e-01,1.001079660281228634e+00
8.366666666666666696e-01,-1.004443124994051306e+00
8.400000000000000799e-01,-1.004278562549553389e+00
8.433333333333333792e-01,1.000585972159174553e+00
8.466666666666666785e-01,-1.004443124994051306e+00
8.500000000000000888e-01,-1.004443124994051306e+00
8.533333333333333881e-01,1.000585972159174553e+00
8.566666666666666874e-01,-1.004114000105087445e+00
8.600000000000000977e-01,-1.004607687438581420e+00
8.633333333333333970e-01,1.000915097573802148e+00
8.666666666666666963e-01,-1.004772249883143509e+00
8.700000000000001066e-01,-1.004443124994051306e+00
8.733333333333334059e-01,1.000915097573802148e+00
8.766666666666667052e-01,-1.004443124994051306e+00
8.800000000000000044e-01,-1.004607687438581420e+00
8.833333333333334147e-01,1.000585972159174553e+00
8.866666666666667140e-01,-1.004443124994051306e+00
8.900000000000000133e-01,-1.004607687438581420e+00
8.933333333333334236e-01,1.000585972159174553e+00
8.966666666666667229e-01,-1.004607687438581420e+00
9.000000000000000222e-01,-1.004443124994051306e+00
9.033333333333334325e-01,1.000750534866450714e+00
9.066666666666667318e-01,-1.004278562549553389e+00
9.100000000000000311e-01,-1.004607687438581420e+00
9.133333333333334414e-01,1.001079660281228634e+00
9.166666666666667407e-01,-1.004772249883143509e+00
9.200000000000000400e-01,-1.004443124994051306e+00
9.233333333333333393e-01,1.000915097573802148e+00
9.266666666666667496e-01,-1.004443124994051306e+00
9.300000000000000488e-01,-1.004607687438581420e+00
9.333333333333333481e-01,1.000750534866450714e+00
9.366666666666667584e-01,-1.004443124994051306e+00
9.400000000000000577e-01,-1.004607687438581420e+00
9.433333333333333570e-01,1.000585972159174553e+00
9.466666666666667673e-01,-1.004278562549553389e+00
9.500000000000000666e-01,-1.004443124994051306e+00
9.533333333333333659e-01,1.000750534866450714e+00
9.566666666666667762e-01,-1.004443124994051306e+00
9.600000000000000755e-01,-1.004772249883143509e+00
9.633333333333333748e-01,1.000585972159174553e+00
9.666666666666666741e-01,-1.004443124994051306e+00
9.700000000000000844e-01,-1.004607687438581420e+00
9.733333333333333837e-01,1.000585972159174553e+00
9.766666666666666829e-01,-1.004607687438581420e+00
9.800000000000000933e-01,-1.004278562549553389e+00
9.833333333333333925e-01,1.001079660281228634e+00
9.866666666666666918e-01,-1.004443124994051306e+00
9.900000000000001021e-01,-1.004772249883143509e+00
9.933333333333334014e-01,1.000915097573802148e+00
9.966666666666667007e-01,-1.004607687438581420e+00
# Medimos aliasing. Entrada = cuadrada 2Vpp 100Hz. Variando frecuencia de sampleo de a 10 Hz entre 10 Hz y 300 Hz.
